55KSDnO2C7k 1 1 0.94 9.924343e-01
-eMJy35xy9U 1 1 0.92 9.671396e-01
1HSvIXFg9GU 1 1 0.88 9.630580e-01
1wBYmhN0Uqc 1 1 0.92 9.602265e-01
56D6pZHezSk 1 1 0.95 9.592869e-01
4HTQXdEUsO4 1 1 0.95 9.576068e-01
-L3v8-poBa4 1 1 0.95 9.552449e-01
-pPfQ3hd6oA 1 1 0.72 9.525975e-01
17pdZNQSr1c 1 1 0.88 9.514802e-01
0TmXTuJA2gE 1 1 0.96 9.505504e-01
-Ji3RM-lTaU 1 1 0.92 9.497903e-01
16EYRx8Xjz4 1 1 0.92 9.457372e-01
3p03pWB7Nfk 1 1 0.84 9.454930e-01
1VoNKxGhiUk 1 1 0.95 9.454510e-01
-u9Rs3bvXOk 1 1 0.9 9.438926e-01
0IPZHPr-EtQ 1 1 0.94 9.395944e-01
5Og7NM5f3P8 1 1 0.82 9.384068e-01
1nvyJZv9pk8 1 1 0.93 9.369643e-01
5CNtVGHdXT4 1 1 0.9 9.367511e-01
41UaPRP4SNc 1 1 0.89 9.366209e-01
-PuJSys8oMk 1 1 0.89 9.362721e-01
13w-Autf9E0 1 1 0.94 9.307415e-01
0Tv4Bcxvg0I 1 1 0.92 9.294636e-01
0PqXAWG-SF0 1 1 0.88 9.291204e-01
1MopV-J2KoA 1 1 0.96 9.282730e-01
0LkC2cE7LXQ 1 1 0.9 9.248916e-01
0fjJyRfA3W8 1 1 0.93 9.224955e-01
-sf8idyg5CM 1 1 0.94 9.200106e-01
4AtTz8uD0hU 1 1 0.89 9.195516e-01
040qf3RJ0kw 1 1 0.93 9.187639e-01
-_h8Cnmx7rA 1 1 0.95 9.148816e-01
44wyEoU_uQQ 1 1 0.93 9.131267e-01
1jm-VEgQYH8 1 1 0.84 9.119437e-01
5PKh_veiSk8 1 1 0.93 9.109025e-01
4jIzY8xz-1I 1 1 0.92 9.098792e-01
3xzA0_48Oag 1 1 0.92 9.094401e-01
52cdhl5xrd0 1 1 0.85 9.065779e-01
0NdRoZh-2zU 1 1 0.93 9.027306e-01
-xZiKi1JCfU 1 1 0.9 9.001296e-01
5YegKcusCZY 1 1 0.88 8.975714e-01
5eU0dxNcJ_A 1 1 0.95 8.950687e-01
0SBHkS5ho3M 1 1 0.94 8.926184e-01
-MpxXh4TGyg 1 1 0.94 8.905670e-01
00KeOQP3F4A 1 1 0.87 8.904347e-01
10JM_YStYpw 1 1 0.83 8.900276e-01
0wGQgwMBfcA 1 1 0.87 8.899481e-01
1eTXKB8ecm4 1 1 0.9 8.881055e-01
3sJ6EDrvILw 1 1 0.9 8.754791e-01
0c3EDq4VzRY 1 1 0.94 8.744380e-01
0kNYQ20gFjM 1 1 0.86 8.740177e-01
03W_dNb7JLs 1 1 0.87 8.723259e-01
4hqg0XEyrPQ 1 1 0.88 8.707254e-01
-m6ac6w-r3o 1 1 0.97 8.695571e-01
10eF2Y1vtSU 1 1 0.87 8.690353e-01
3uKTmbhhxFM 1 1 0.93 8.681986e-01
-GulHMmrt-o 1 1 0.9 8.663493e-01
41stW8wFb1g 1 1 0.92 8.654562e-01
4N2ePx-jhfc 1 1 0.92 8.619531e-01
-TYedWQk1oE 1 1 0.95 8.583026e-01
48VkqmoSTgY 1 1 0.92 8.523037e-01
-_wOEpl15YU 1 1 0.93 8.518610e-01
1fjm4EFOck0 1 1 0.97 8.506673e-01
4-rk82sZNJo 1 1 0.95 8.469177e-01
4GWSzPYLtRc 1 1 0.87 8.414329e-01
-HlRKWK9clo 1 1 0.92 8.397268e-01
09TB9IoSpXQ 1 1 0.94 8.374088e-01
48Si6W1aVXg 1 1 0.94 8.367238e-01
1eJgWtyh6gs 1 1 0.95 8.356243e-01
5g8ay9J2ayI 1 1 0.93 8.348453e-01
1Y-81NlDroA 1 1 0.95 8.312450e-01
10IQS2X6DQo 1 1 0.93 8.182728e-01
10Vd5F_ooXU 1 1 0.96 8.122152e-01
03FF1Sz53YU 1 1 0.95 8.075208e-01
1HkloCaFwyo 1 1 0.94 8.008072e-01
1QawHxCZQ9g 1 1 0.87 7.928280e-01
-qFg_TAe9H0 1 1 0.91 7.869983e-01
46fVxPS0n2c 1 1 0.76 7.865266e-01
0EX1twiwKVU 1 1 0.84 7.810641e-01
5Ha1thvsfeU 1 1 0.78 7.790555e-01
55QYOWgSe5o 1 1 0.94 7.780924e-01
-ix4wo72Gy0 1 1 0.93 7.775565e-01
-il6LgZdrjk 1 1 0.92 7.752432e-01
-kPG1z_pFDk 1 1 0.96 7.748547e-01
0ZkZhR7F7Lo 0 1 0.23 7.693367e-01
0pwtpPm-uxU 1 1 0.89 7.644540e-01
1PnSatLeG0s 1 1 0.92 7.641440e-01
0uMotNq_0Hs 1 1 0.89 7.569799e-01
0e8dQCtnWBQ 0 1 0.12 7.566458e-01
1uL25kL7jHw 1 1 0.87 7.554667e-01
4wSUnjlW35Y 0 1 0.29 7.550374e-01
3zh_Jijhwsg 1 1 0.88 7.408595e-01
5Feyp5jr5rg 1 1 0.93 7.395489e-01
0cYa-dZzlEo 1 1 0.89 7.310532e-01
5MMNiyLpyow 0 1 0.06 7.270985e-01
-_ZKKDqRQvQ 1 1 0.84 7.268593e-01
1WO9GU2_RkI 1 1 0.96 7.015831e-01
5_JvLWbN9so 1 1 0.97 6.948266e-01
5Zs5h0VkNgs 1 1 0.9 6.919499e-01
07cyOPE9t4A 1 1 0.94 6.862457e-01
4DHEKpzD2YU 0 1 0.09 6.839531e-01
4Aqz1W3QC08 1 1 0.89 6.800398e-01
42zdZwia7zE 0 1 0.22 6.772948e-01
116IZnYNzx4 1 1 0.84 6.756277e-01
1erKh-yl0Ng 0 1 0.11 6.705811e-01
5G9oWmwz748 1 1 0.93 6.695540e-01
53fvufynmVY 1 1 0.93 6.680406e-01
5-VyMa3qYKs 1 1 0.9 6.607931e-01
4O3KMph3sGI 0 1 0.13 6.555243e-01
-lE3PMRuOck 1 1 0.79 6.550581e-01
-hpHjpbUrMs 1 1 0.93 6.529877e-01
1tYoC0J8058 1 1 0.95 6.499731e-01
03ZBMuALda0 1 1 0.93 6.495108e-01
-wnhmxNlhXE 1 1 0.96 6.484495e-01
1FP3z5oetdQ 0 1 0.27 6.448376e-01
3lqtGGv6JRw 1 1 0.93 6.426681e-01
5K7yt36R04w 1 1 0.88 6.361529e-01
4zZuvq3GLe4 1 1 0.91 6.359480e-01
-ZHTdGqEqSY 1 1 0.93 6.213458e-01
4fAeA-6p3J4 1 1 0.92 6.190049e-01
5czVWjGOXFY 1 1 0.94 6.143835e-01
0qCD3Jdw_ys 1 1 0.9 5.998085e-01
4ggpqFQ-4dY 1 1 0.89 5.867243e-01
13JGk2W9qvw 1 1 0.82 5.810884e-01
4TL9BKfuqJ0 0 1 0.18 5.693709e-01
3vTCMGkcYqY 1 1 0.97 5.603976e-01
1vBN_rntrpk 0 1 0.11 5.588533e-01
1wOj7xTYj5U 1 1 0.74 5.550144e-01
43ac7z1GvpI 1 1 0.95 5.514228e-01
4-nOnb56gSg 1 1 0.84 5.509653e-01
-UIxNxlvapk 1 1 0.95 5.486779e-01
1EQ_2MPdqYs 1 1 0.83 5.483498e-01
4gt4BYxY2wg 0 1 0.19 5.442700e-01
4w06G6-A2wE 1 1 0.94 5.396934e-01
1pAWjZmIoJE 1 1 0.86 5.371792e-01
-LJYa2YIdLk 1 1 0.9 5.330850e-01
-l38EuwPz_o 1 1 0.89 5.152246e-01
5dUUq1VFf1k 0 1 0.1 5.108488e-01
0Nb45QzPOmk 0 0 0.21 5.000000e-01
0krhPX4fjqY 1 0 0.63 5.000000e-01
4UEu2WkMNjQ 1 0 0.95 4.932283e-01
3rbg8mdOHlE 1 0 0.85 4.897227e-01
-KyJApAwKug 1 0 0.95 4.853776e-01
1u88HrLz_k4 0 0 0.39 4.840804e-01
1W42V_boVcI 1 0 0.97 4.833560e-01
1uVHrhWcOag 1 0 0.92 4.813728e-01
1-7eYsFYZRQ 0 0 0.28 4.779542e-01
1GmLltOvrvw 1 0 0.92 4.713589e-01
41NJZqvGUZM 1 0 0.79 4.604984e-01
3st3MlL2vbY 1 0 0.96 4.600428e-01
4Yi9tMSEGh8 1 0 0.8 4.478631e-01
5NIGy3JWZiM 1 0 0.9 4.472213e-01
4dEmcbbe_YY 0 0 0.24 4.279754e-01
1S9aybZaqkE 0 0 0.08 4.243689e-01
1aiVdge_vd8 0 0 0.31 4.215238e-01
4-6OUHdonjU 1 0 0.83 4.214217e-01
4KIG86cHnNw 1 0 0.91 4.167764e-01
1xHaYAk4_1A 1 0 0.89 4.109905e-01
0mdRYnaSB1Y 1 0 0.84 4.079271e-01
5-YHieEhdT4 1 0 0.93 4.033209e-01
-TZncDf7ENs 0 0 0.08 4.018591e-01
4K38i8cQ2Ok 1 0 0.86 3.934259e-01
4hyR6kgcBnE 0 0 0.22 3.901940e-01
3uHbEfH2Ezs 1 0 0.92 3.896657e-01
4boGRpL0OwI 0 0 0.14 3.881717e-01
5NF3zOxikqg 1 0 0.91 3.877479e-01
1--IBh1NhIk 0 0 0.11 3.842759e-01
4Bu8JSnrHPM 1 0 0.92 3.800054e-01
5LL8ktVpW1o 0 0 0.41 3.773261e-01
5aw_ICo5Deg 1 0 0.82 3.754830e-01
-z6JfzkJuCM 1 0 0.87 3.682908e-01
-miQHtfAWI0 0 0 0.76 3.656300e-01
-jRgxRLkTIA 1 0 0.97 3.630038e-01
0rh581E2L10 0 0 0.09 3.627866e-01
-QdiNtL6JwQ 0 0 0.11 3.612219e-01
1GqfsNyJhVg 0 0 0.14 3.605708e-01
4kwIQKP4FH0 1 0 0.92 3.587608e-01
4rZ907xLb_U 1 0 0.9 3.571600e-01
-vqHOULV0iU 1 0 0.87 3.541890e-01
5QSH4TuOcb0 1 0 0.97 3.467001e-01
092BG73R0ak 0 0 0.04 3.425577e-01
04liAs0D358 0 0 0.16 3.384442e-01
4qBq47yL8vA 0 0 0.1 3.309788e-01
1szFX8polKo 0 0 0.12 3.195532e-01
0eUrJ0Z28LI 1 0 0.89 3.134816e-01
1o1SsjxXRic 1 0 0.9 3.095024e-01
5Rln_fPIBYs 1 0 0.7 3.066692e-01
1C1uEugmodk 0 0 0.05 2.971398e-01
3u2VMvBRDZs 0 0 0.08 2.933590e-01
5ip2qhQy6w8 0 0 0.08 2.920736e-01
4B3BDXa_VGY 0 0 0.14 2.856531e-01
4DT1hrO78lc 1 0 0.78 2.689587e-01
4eBu6ennrLE 1 0 0.94 2.679615e-01
56Dbp9JCxbE 1 0 0.88 2.676011e-01
-pPSM_rMu2k 0 0 0.23 2.619409e-01
-HUkS8zNuuI 0 0 0.23 2.616619e-01
42D6R8Es3sI 0 0 0.12 2.547552e-01
-qS8FbH1TT8 1 0 0.87 2.533079e-01
5EmzbJXWhEo 0 0 0.2 2.460005e-01
0U2VusI6ZoU 1 0 0.74 2.458045e-01
555HdQHE3j4 0 0 0.08 2.426776e-01
5Na80JHngzc 1 0 0.92 2.413266e-01
3wpEAM9W7y4 1 0 0.61 2.386650e-01
-mrg30x9fDQ 0 0 0.15 2.358240e-01
5iM2Ob_Eaec 1 0 0.53 2.279998e-01
1ptvHLoDv10 0 0 0.14 2.232283e-01
3ogSC8TdIxQ 0 0 0.24 2.227217e-01
0R2vlCPga04 0 0 0.18 2.201144e-01
4-xQGlipgCs 0 0 0.12 2.190416e-01
-lCErNwhLbg 0 0 0.12 2.134993e-01
0I0T-JENkhg 0 0 0.09 2.110337e-01
5asyMt9Upfk 0 0 0.13 2.104443e-01
1Oc7QOnOU6k 0 0 0.24 2.065743e-01
11d_QiocQqg 0 0 0.6 1.961306e-01
-IByByzFDyQ 0 0 0.09 1.948601e-01
53b5VJjIWOU 1 0 0.95 1.901402e-01
-uuDiQU1wOM 0 0 0.17 1.884457e-01
19IeCfVdkDM 0 0 0.12 1.880926e-01
4ZB44ewdXz0 0 0 0.16 1.879940e-01
4vJr4ftm8Ro 0 0 0.12 1.830611e-01
5b-nhaF7Ga0 0 0 0.1 1.818614e-01
3qxfZZb9Jz4 1 0 0.87 1.786268e-01
-kdahZGrC7k 0 0 0.16 1.762037e-01
1GR63Uu55dM 1 0 0.85 1.746319e-01
-WJwnl2T_4Q 1 0 0.69 1.718069e-01
-l51YfJQUyk 0 0 0.25 1.691998e-01
-Vif0do57AQ 0 0 0.17 1.620573e-01
50xs45jTxPc 0 0 0.18 1.569297e-01
5DT3BGNdlYM 0 0 0.29 1.546235e-01
1tlPk2-OX0A 1 0 0.78 1.538942e-01
3wCt5_px63Y 0 0 0.07 1.528389e-01
41NKQFiPWS4 1 0 0.89 1.429446e-01
1UOyF1IFalA 0 0 0.09 1.421505e-01
4TT61PQ0eB8 0 0 0.2 1.401417e-01
0RbuY3CskEU 1 0 0.97 1.391534e-01
1rTBJJZWgk4 0 0 0.21 1.355373e-01
4e_-W453Kys 0 0 0.07 1.350625e-01
-_NlReHSyZ4 0 0 0.32 1.295283e-01
5FY1SJSxbOg 0 0 0.34 1.266643e-01
01hi-bIJI0Y 0 0 0.2 1.258685e-01
3nQzbKPkmJk 0 0 0.15 1.248348e-01
0j4Yj6AWHi0 0 0 0.16 1.223565e-01
3mZ8HfxY8KY 0 0 0.16 1.221228e-01
-sIuewUzPoE 0 0 0.05 1.209328e-01
5VRr4q5Ay-E 0 0 0.17 1.188006e-01
16gPtbkbvAQ 0 0 0.09 1.180189e-01
4ZeYfPAAHl0 0 0 0.81 1.177148e-01
0SgEB3BCvGA 0 0 0.18 1.174126e-01
-TSK5P5OZOM 0 0 0.1 1.172852e-01
3pOGUKrMseg 0 0 0.15 1.158991e-01
-l6eSOvKgEw 0 0 0.31 1.156269e-01
1KTGEaqBm2c 0 0 0.14 1.152647e-01
0QGtPTzwZi8 0 0 0.1 1.139000e-01
1heI9Qj9dl0 0 0 0.19 1.138664e-01
0YByiOReG8E 0 0 0.17 1.129611e-01
41_9GHoDy3Q 0 0 0.06 1.085807e-01
1tPQkymCaig 0 0 0.18 1.079041e-01
48grDvwpfOM 0 0 0.37 1.064805e-01
15YWLcStacI 1 0 0.61 1.060191e-01
0LkBOWLX83w 1 0 0.75 1.057155e-01
1qTRhb3Wd8c 0 0 0.01 1.052587e-01
3sNm7F1Rb3U 0 0 0.15 1.044370e-01
15MSK5Nv16k 0 0 0.17 1.043559e-01
16mW_ij3jSY 0 0 0.13 1.040235e-01
0276tzdXxgk 0 0 0.07 1.014289e-01
4A8793H627I 0 0 0.16 9.744995e-02
3y1PnXLbibw 0 0 0.25 9.590260e-02
5hXiJJwXc3o 0 0 0.04 9.570682e-02
1WF8FMitboA 0 0 0.19 9.029746e-02
4E050kdAj3o 0 0 0.18 9.003948e-02
1X6333AjlMs 0 0 0.1 8.662710e-02
5PBhEQQcUeg 1 0 0.63 8.643429e-02
55AHzTR_i2k 1 0 0.8 8.494403e-02
1QLKbPg0DOw 0 0 0.17 8.403031e-02
0rIuhd4sCRg 0 0 0.14 8.085424e-02
01Tn0Fvc1bA 0 0 0.08 8.063157e-02
1DMqa2jDpqA 0 0 0.11 7.954464e-02
0XEyBKELKI0 0 0 0.12 7.949392e-02
3n5FA0jseMw 0 0 0.26 7.864588e-02
0vd5DX-LPmc 0 0 0.16 7.769624e-02
1BG0ut3-Dps 0 0 0.02 7.621092e-02
0S_yZerJKr8 0 0 0.08 7.582447e-02
-tqFKio99ho 0 0 0.13 7.568938e-02
4T2Ka5cH7CE 0 0 0.19 7.347927e-02
4sZ9c-H54mU 0 0 0.11 7.199721e-02
-k9a8MS8g0g 0 0 0.23 7.036770e-02
-xFijZ1ubPg 0 0 0.17 6.833117e-02
4AdZhiQ2OrE 0 0 0.09 6.830368e-02
4pL08UrfewI 1 0 0.78 6.758979e-02
4CHZeVizxcs 1 0 0.94 6.507478e-02
47T1YHJ16a8 0 0 0.33 6.492806e-02
-Ms77NxhSFE 0 0 0.09 6.352069e-02
1sEURubw07c 0 0 0.04 6.349714e-02
-l1eGa3VCcw 0 0 0.12 6.295874e-02
04NGq2WY4ME 0 0 0.11 6.152994e-02
-KBYMG0ogFA 0 0 0.14 6.130539e-02
0lUicrX8hu4 0 0 0.08 6.099144e-02
-vmZoo8j-AM 0 0 0.18 6.096446e-02
-Lfhpm1GDmA 0 0 0.12 6.094179e-02
0YytkZJx-VE 0 0 0.12 5.893055e-02
-YwWgR1m8_Y 0 0 0.05 5.891242e-02
1c7ddH8_OY4 0 0 0.17 5.889704e-02
5hONeYrHLg8 0 0 0.12 5.806199e-02
4qsADJ0pmxM 0 0 0.69 5.723545e-02
-PPxVQvJHqw 0 0 0.13 5.586997e-02
0uTBxpgJJuI 1 0 0.8 5.489605e-02
40MwwJyIpy4 0 0 0.05 5.436552e-02
42rzULyT67A 0 0 0.08 5.220782e-02
4tvR8ku1SI0 0 0 0.06 5.149137e-02
-U4i44fVZJE 0 0 0.03 5.049125e-02
1rc0JB7AHi0 0 0 0.15 5.027478e-02
1rc0YmHCO0g 0 0 0.14 4.926708e-02
4sMbu2Pr6xA 0 0 0.14 4.828477e-02
4Hy36KsEpeI 0 0 0.1 4.708276e-02
4yR7RnhQ3zI 0 0 0.28 4.694409e-02
4NlUzXHDVOE 0 0 0.26 4.575063e-02
552JFboN8QU 0 0 0.07 4.509411e-02
-RLHh9xmWOk 0 0 0.02 4.313386e-02
1T1Mtw5pn4Q 0 0 0.24 4.252796e-02
5VVQqhCFW-4 0 0 0.05 4.112275e-02
5jWlH_ZewlA 0 0 0.11 4.067689e-02
-ltzj95e68M 0 0 0.02 4.062518e-02
13v1xtWtueo 0 0 0.03 4.038915e-02
0BeFeDU7RK0 0 0 0.07 4.026524e-02
4Zbmyk4raZY 0 0 0.13 3.802757e-02
1_bgKeogKe4 0 0 0.11 3.799224e-02
4z5aBO_ql5o 0 0 0.14 3.797243e-02
4ZhVYKwS_hA 0 0 0.12 3.772016e-02
4zZgZp0HuB0 0 0 0.15 3.708455e-02
5acGSsTALyE 0 0 0.1 3.698307e-02
1fkOYUKtQyI 0 0 0.07 3.686361e-02
4CgaTAi4nqI 0 0 0.03 3.655284e-02
0RAHikS9fvQ 0 0 0.23 3.648844e-02
0GYhYV0lIgM 0 0 0.16 3.644654e-02
0F5dZUj7SKE 0 0 0.07 3.618954e-02
16PCLyl_H48 0 0 0.06 3.597359e-02
4FUhj80606E 0 0 0.1 3.517623e-02
4Wk8kYxvD8Q 0 0 0.12 3.480402e-02
1GwFBPb8SX8 0 0 0.12 3.461133e-02
51b2PbXOc4s 0 0 0.18 3.432542e-02
52JVAhy3FWE 0 0 0.07 3.421138e-02
3wwdOUMQ-cQ 0 0 0.08 3.397183e-02
43U4OIyFaYM 0 0 0.11 3.393739e-02
1EdbDSHHXKM 0 0 0.16 3.369993e-02
-yXCNmqGQ0M 0 0 0.41 3.362141e-02
5jvIRPG0pXI 0 0 0.13 3.356126e-02
5Z94lx53hx8 0 0 0.09 3.336208e-02
5KJvO3BkcXE 0 0 0.07 3.260540e-02
0kIDeKrPBUU 0 0 0.19 3.228983e-02
08e5rB2zFPQ 0 0 0.12 3.207385e-02
0EwtL2yr0y8 0 0 0.16 3.184888e-02
4vcgZXnfMGk 0 0 0.16 3.173262e-02
3tvkEyPXZmg 0 0 0.03 3.092600e-02
5YTQCkuJIbc 0 0 0.23 3.051769e-02
5kDUMLnSyp4 1 0 0.66 2.950769e-02
0yT5fffr4kg 0 0 0.06 2.779216e-02
1vCnPYalC5k 0 0 0.27 2.759917e-02
1MNWQB9jrRs 0 0 0.2 2.751924e-02
4qqST8BqJ9s 0 0 0.12 2.718525e-02
-yjHK_imtKw 0 0 0.24 2.702114e-02
1VDIYqIDuhI 0 0 0.06 2.694134e-02
4zTezvXow6w 0 0 0.04 2.664078e-02
4ynyIk76f44 0 0 0.11 2.636936e-02
4aTkHVdoqkw 0 0 0.24 2.612904e-02
-MUM3XyqEFg 0 0 0.1 2.588078e-02
-0n50a7seNI 0 0 0.09 2.551257e-02
-YeuVmchu-M 0 0 0.08 2.545072e-02
5HOIjy-lMYQ 0 0 0.15 2.538771e-02
-MNcDq1dw7M 0 0 0.25 2.481040e-02
1dtLkVmSqtc 0 0 0.12 2.463905e-02
1UMaCbZx3Ag 0 0 0.09 2.456611e-02
-mX0pMDmZhQ 0 0 0.24 2.416742e-02
03OSTDJYfRc 0 0 0.13 2.307534e-02
1Yje_lnKDHc 0 0 0.61 2.274306e-02
47P0Fy-DYnI 0 0 0.06 2.254307e-02
1KBCFLAUIT0 0 0 0.17 2.248974e-02
-R50rxfghjg 0 0 0.07 2.214581e-02
49wCa7kPUfA 0 0 0.08 2.213259e-02
5eRUm-6549I 0 0 0.07 2.202571e-02
0FVTdhNmjM0 0 0 0.1 2.184319e-02
4gY3faaPj_k 0 0 0.07 2.062240e-02
0o6J-2USwwE 0 0 0.13 2.055886e-02
-SNs9Wkk9Us 0 0 0.09 1.949097e-02
-gruAlxQu2M 0 0 0.31 1.943732e-02
5FvSv-IE6Tc 0 0 0.1 1.918611e-02
4f99RLGDTEs 0 0 0.12 1.917278e-02
4FsWN72u7PY 0 0 0.08 1.886689e-02
1mjoo_XQVZI 0 0 0.2 1.881958e-02
-K4hB7LCz_M 0 0 0.76 1.864294e-02
0KR4T_B02FM 0 0 0.09 1.859206e-02
43YMjaK5G80 0 0 0.43 1.846257e-02
1eDITCytUf8 0 0 0.07 1.830407e-02
1c8axb3BuYQ 0 0 0.13 1.828023e-02
4uXBcDPQk8w 0 0 0.22 1.821476e-02
5BUSnX3g-EM 0 0 0.06 1.814672e-02
0RosoZRG_RM 0 0 0.07 1.766565e-02
53a_8hJh-tA 0 0 0.17 1.696971e-02
1Eb0pg65f3s 0 0 0.26 1.690784e-02
4U97-jCnWUc 0 0 0.03 1.670503e-02
4huGwAxwOl8 0 0 0.06 1.664852e-02
02mpJUpG0TI 0 0 0.07 1.664434e-02
0oLlm3K6B6s 0 0 0.13 1.603864e-02
1nOEO3qlea0 0 0 0.19 1.555785e-02
3pqyXX9KdHY 0 0 0.32 1.526389e-02
4rW4rp54xyA 1 0 0.25 1.486664e-02
51-EIHS-KpE 0 0 0.08 1.459353e-02
4AJPMarIzqc 0 0 0.06 1.435292e-02
0CXPF1jl_Lw 0 0 0.16 1.430733e-02
1bgJ0OwlKV8 0 0 0.15 1.395736e-02
0QLovZrWLvY 0 0 0.14 1.282744e-02
1kK2_lpHaEE 0 0 0.09 1.257568e-02
-Kmr0E3lNoA 0 0 0.26 1.238315e-02
4bqYemOSlvY 0 0 0.13 1.198083e-02
0QweaoZDeQ4 0 0 0.24 1.176506e-02
5cQR_hNLZs4 0 0 0.11 1.140023e-02
-MC21SfN7JQ 0 0 0.04 1.126626e-02
11dArtopIbw 0 0 0.06 1.093121e-02
4tmV8OLquf0 0 0 0.1 1.079282e-02
1fzHD46wRwo 0 0 0.22 1.020504e-02
5OsPG3rjb1U 0 0 0.04 9.949221e-03
4V0VOawQ5dg 0 0 0.02 9.827420e-03
4w_XPQq-4sA 0 0 0.03 9.768487e-03
3lsFCcZM46k 0 0 0.12 9.601966e-03
3r4CvYo6tWM 0 0 0.14 9.574760e-03
1LaJwL9hbIk 0 0 0.11 9.012470e-03
5SwHJnHHOk8 0 0 0.07 8.982368e-03
-jj2nXYoFYE 0 0 0.15 8.229977e-03
5KXICXmKpZc 0 0 0.05 8.211055e-03
-JNXp8A55s8 0 0 0.04 7.906499e-03
3mW29k5qTZM 0 0 0.17 7.873587e-03
-XchxlnNlDg 0 0 0.07 7.867008e-03
43ktQ_KevUI 0 0 0.12 7.412934e-03
5ji8HPmVa-4 0 0 0.07 7.271126e-03
5Cj8K3OzKfc 0 0 0.2 6.972480e-03
1TeWQFee-bM 0 0 0.07 6.859811e-03
5KA1TLCl8Vc 0 0 0.15 6.801424e-03
-mxGH7o1thM 0 0 0.02 6.665046e-03
0OrvLqmlhEY 0 0 0.04 6.617605e-03
0Ec9GyJAEjY 0 0 0.12 6.483674e-03
0mTAQI7w8sc 0 0 0.03 5.943061e-03
3nv4cporQ5o 0 0 0.11 5.705908e-03
4-OxtLvke7E 0 0 0.11 5.566962e-03
5Jpkz0wWC58 0 0 0.15 4.920942e-03
-KMioe2JwBE 0 0 0.11 4.480084e-03
-L6-i9rkW6Q 0 0 0.12 4.313613e-03
5d52KIzJ_gE 0 0 0.06 4.166538e-03
5QFKdgZFmyw 0 0 0.16 2.627380e-03
4wOU_IjpXrI 0 0 0.11 2.101274e-03
4qqwA9HdASg 0 0 0.19 1.996027e-03
-qoBKqFZXME 0 0 0.08 1.569036e-03
00b6k17zCTw 0 0 0.07 5.805542e-04
