-XchxlnNlDg 1 1 0.96 9.932611e-01
1KBCFLAUIT0 1 1 0.85 9.841626e-01
4ZhVYKwS_hA 1 1 0.95 9.821316e-01
-KMioe2JwBE 1 1 0.35 9.735630e-01
41_9GHoDy3Q 1 1 0.96 9.633241e-01
04NGq2WY4ME 1 1 0.84 9.579032e-01
-xFijZ1ubPg 1 1 0.95 9.576642e-01
1eDITCytUf8 1 1 0.97 9.512193e-01
0CXPF1jl_Lw 1 1 0.88 9.443406e-01
0276tzdXxgk 1 1 0.93 9.366492e-01
1dtLkVmSqtc 1 1 0.95 9.347863e-01
3nv4cporQ5o 1 1 0.89 9.298066e-01
3wCt5_px63Y 1 1 0.88 9.206128e-01
5hXiJJwXc3o 1 1 0.95 9.204801e-01
3pqyXX9KdHY 1 1 0.63 9.056341e-01
4bqYemOSlvY 1 1 0.84 8.947761e-01
4z5aBO_ql5o 1 1 0.95 8.851859e-01
3u2VMvBRDZs 1 1 0.97 8.842627e-01
50xs45jTxPc 1 1 0.9 8.787401e-01
4yR7RnhQ3zI 1 1 0.83 8.769759e-01
0QweaoZDeQ4 1 1 0.86 8.751825e-01
5jWlH_ZewlA 1 1 0.97 8.749634e-01
4gY3faaPj_k 1 1 0.97 8.749235e-01
4hyR6kgcBnE 1 1 0.86 8.738544e-01
0F5dZUj7SKE 1 1 0.94 8.654560e-01
4tvR8ku1SI0 1 1 0.96 8.610890e-01
0rIuhd4sCRg 1 1 0.96 8.609073e-01
1VDIYqIDuhI 1 1 0.93 8.598697e-01
-PPxVQvJHqw 1 1 0.85 8.586483e-01
3sNm7F1Rb3U 1 1 0.94 8.572669e-01
-K4hB7LCz_M 1 1 0.27 8.469242e-01
1C1uEugmodk 1 1 0.92 8.268499e-01
0RosoZRG_RM 1 1 0.93 8.243753e-01
51b2PbXOc4s 1 1 0.78 8.240698e-01
1KTGEaqBm2c 1 1 0.95 8.165906e-01
-TZncDf7ENs 1 1 0.94 8.158935e-01
0RAHikS9fvQ 1 1 0.92 8.036316e-01
5VVQqhCFW-4 1 1 0.96 7.941560e-01
1Oc7QOnOU6k 1 1 0.81 7.845438e-01
43U4OIyFaYM 1 1 0.96 7.792288e-01
4B3BDXa_VGY 1 1 0.96 7.783303e-01
1nOEO3qlea0 1 1 0.9 7.756332e-01
-l1eGa3VCcw 1 1 0.94 7.664477e-01
0QLovZrWLvY 1 1 0.82 7.644444e-01
1GwFBPb8SX8 1 1 0.89 7.613800e-01
03OSTDJYfRc 1 1 0.86 7.602910e-01
5cQR_hNLZs4 1 1 0.93 7.558727e-01
0XEyBKELKI0 1 1 0.94 7.470167e-01
16mW_ij3jSY 1 1 0.82 7.366463e-01
-IByByzFDyQ 1 1 0.95 7.366440e-01
1DMqa2jDpqA 1 1 0.96 7.364893e-01
-HUkS8zNuuI 1 1 0.73 7.357530e-01
4vJr4ftm8Ro 1 1 0.95 7.270528e-01
-sIuewUzPoE 1 1 0.99 7.234122e-01
1vCnPYalC5k 1 1 0.77 7.037219e-01
53b5VJjIWOU 0 1 0.11 6.989706e-01
4ggpqFQ-4dY 0 1 0.12 6.970056e-01
4ZeYfPAAHl0 1 1 0.27 6.933989e-01
-kdahZGrC7k 1 1 0.95 6.629567e-01
4Zbmyk4raZY 1 1 0.85 6.550149e-01
4qBq47yL8vA 1 1 0.95 6.524921e-01
1rc0YmHCO0g 1 1 0.91 6.503706e-01
1rTBJJZWgk4 0 1 0.22 6.460456e-01
1u88HrLz_k4 1 1 0.47 6.439721e-01
1S9aybZaqkE 1 1 0.97 6.377543e-01
1X6333AjlMs 1 1 0.96 6.361965e-01
5Cj8K3OzKfc 1 1 0.83 6.347949e-01
555HdQHE3j4 1 1 0.97 6.263794e-01
5iM2Ob_Eaec 0 1 0.01 6.242088e-01
4Wk8kYxvD8Q 1 1 0.91 6.186468e-01
1FP3z5oetdQ 1 1 0.46 6.184240e-01
0SgEB3BCvGA 1 1 0.61 6.176880e-01
3r4CvYo6tWM 0 1 0.17 6.124000e-01
0Nb45QzPOmk 1 1 0.91 5.894218e-01
1BG0ut3-Dps 1 1 0.94 5.736730e-01
4A8793H627I 1 1 0.51 5.720869e-01
1mjoo_XQVZI 0 1 0.24 5.646377e-01
4gt4BYxY2wg 1 1 0.89 5.624439e-01
-KBYMG0ogFA 1 1 0.53 5.509656e-01
4rZ907xLb_U 0 1 0.15 5.490012e-01
42zdZwia7zE 1 1 0.92 5.485046e-01
0j4Yj6AWHi0 1 1 0.92 5.419694e-01
5eRUm-6549I 1 1 0.92 5.405566e-01
3mZ8HfxY8KY 1 1 0.82 5.294811e-01
1c7ddH8_OY4 1 1 0.8 5.264975e-01
41NKQFiPWS4 0 1 0.1 5.207210e-01
0S_yZerJKr8 1 1 0.79 5.199073e-01
4Bu8JSnrHPM 0 1 0.08 5.126598e-01
0I0T-JENkhg 1 1 0.26 5.073607e-01
-TSK5P5OZOM 0 0 0.16 5.000000e-01
3y1PnXLbibw 0 0 0.21 4.943137e-01
-Vif0do57AQ 1 0 0.93 4.939194e-01
-uuDiQU1wOM 1 0 0.89 4.853506e-01
1--IBh1NhIk 1 0 0.96 4.714602e-01
0R2vlCPga04 0 0 0.21 4.678532e-01
04liAs0D358 1 0 0.96 4.668744e-01
0YByiOReG8E 1 0 0.95 4.654227e-01
1GqfsNyJhVg 1 0 0.96 4.523693e-01
-z6JfzkJuCM 0 0 0.11 4.313273e-01
0RbuY3CskEU 0 0 0.08 4.215228e-01
4E050kdAj3o 1 0 0.81 4.207331e-01
4FsWN72u7PY 0 0 0.13 4.186559e-01
4qsADJ0pmxM 1 0 0.44 4.182894e-01
0e8dQCtnWBQ 1 0 0.96 4.059554e-01
4uXBcDPQk8w 0 0 0.26 4.048271e-01
-mrg30x9fDQ 1 0 0.77 4.035938e-01
5KXICXmKpZc 0 0 0.1 4.002670e-01
4AJPMarIzqc 0 0 0.14 3.906143e-01
1aiVdge_vd8 1 0 0.58 3.822561e-01
5kDUMLnSyp4 0 0 0.26 3.801170e-01
4boGRpL0OwI 1 0 0.91 3.790927e-01
-wnhmxNlhXE 0 0 0.12 3.789302e-01
15MSK5Nv16k 0 0 0.43 3.783221e-01
4T2Ka5cH7CE 1 0 0.68 3.758706e-01
3wwdOUMQ-cQ 1 0 0.95 3.719212e-01
40MwwJyIpy4 1 0 0.97 3.672763e-01
4dEmcbbe_YY 1 0 0.9 3.614538e-01
4wSUnjlW35Y 1 0 0.84 3.543313e-01
3lsFCcZM46k 0 0 0.13 3.480711e-01
1heI9Qj9dl0 1 0 0.91 3.412683e-01
3st3MlL2vbY 0 0 0.07 3.380086e-01
0qCD3Jdw_ys 0 0 0.09 3.345620e-01
-_NlReHSyZ4 1 0 0.38 3.314630e-01
5-YHieEhdT4 0 0 0.12 3.295589e-01
3lqtGGv6JRw 0 0 0.07 3.214577e-01
0o6J-2USwwE 0 0 0.14 3.153253e-01
47T1YHJ16a8 1 0 0.67 3.146820e-01
5ip2qhQy6w8 1 0 0.95 3.129326e-01
-KyJApAwKug 0 0 0.12 3.109774e-01
4TL9BKfuqJ0 1 0 0.95 3.013698e-01
1erKh-yl0Ng 1 0 0.96 2.997024e-01
5Rln_fPIBYs 0 0 0.1 2.986797e-01
3qxfZZb9Jz4 0 0 0.17 2.914346e-01
4sMbu2Pr6xA 1 0 0.79 2.890443e-01
55AHzTR_i2k 0 0 0.19 2.878155e-01
5DT3BGNdlYM 0 0 0.25 2.874389e-01
1LaJwL9hbIk 0 0 0.14 2.858493e-01
1EQ_2MPdqYs 0 0 0.03 2.815183e-01
43ac7z1GvpI 0 0 0.12 2.789801e-01
10Vd5F_ooXU 0 0 0.13 2.781135e-01
-tqFKio99ho 1 0 0.87 2.742983e-01
0vd5DX-LPmc 0 0 0.28 2.740130e-01
02mpJUpG0TI 0 0 0.17 2.705613e-01
-k9a8MS8g0g 0 0 0.2 2.697580e-01
1xHaYAk4_1A 0 0 0.07 2.690603e-01
1uVHrhWcOag 0 0 0.11 2.685661e-01
-HlRKWK9clo 0 0 0.14 2.664258e-01
5jvIRPG0pXI 1 0 0.81 2.626657e-01
1WF8FMitboA 0 0 0.18 2.616791e-01
-LJYa2YIdLk 0 0 0.09 2.525106e-01
-qoBKqFZXME 0 0 0.14 2.511967e-01
1_bgKeogKe4 0 0 0.17 2.442184e-01
-Lfhpm1GDmA 0 0 0.21 2.373983e-01
49wCa7kPUfA 0 0 0.1 2.351551e-01
53fvufynmVY 0 0 0.06 2.343653e-01
5aw_ICo5Deg 0 0 0.09 2.341613e-01
-vmZoo8j-AM 0 0 0.19 2.332663e-01
1vBN_rntrpk 1 0 0.93 2.287013e-01
5G9oWmwz748 0 0 0.07 2.283814e-01
-l38EuwPz_o 0 0 0.16 2.280408e-01
0kNYQ20gFjM 0 0 0.23 2.253802e-01
0GYhYV0lIgM 1 0 0.87 2.243904e-01
0U2VusI6ZoU 0 0 0.27 2.240261e-01
5dUUq1VFf1k 1 0 0.91 2.185709e-01
-RLHh9xmWOk 0 0 0.08 2.161225e-01
4ZB44ewdXz0 1 0 0.96 2.141191e-01
-GulHMmrt-o 0 0 0.17 2.103775e-01
1EdbDSHHXKM 1 0 0.5 2.094397e-01
5NF3zOxikqg 0 0 0.11 2.080691e-01
4NlUzXHDVOE 0 0 0.19 2.067177e-01
0cYa-dZzlEo 0 0 0.09 2.016240e-01
3uHbEfH2Ezs 0 0 0.13 2.007594e-01
-lE3PMRuOck 0 0 0.04 1.983601e-01
1Yje_lnKDHc 1 0 0.46 1.953838e-01
4sZ9c-H54mU 0 0 0.16 1.953265e-01
5FvSv-IE6Tc 0 0 0.06 1.950965e-01
-hpHjpbUrMs 0 0 0.04 1.944295e-01
4KIG86cHnNw 0 0 0.02 1.943585e-01
48VkqmoSTgY 0 0 0.1 1.900292e-01
53a_8hJh-tA 1 0 0.79 1.894244e-01
5asyMt9Upfk 0 0 0.16 1.863398e-01
4zZgZp0HuB0 0 0 0.19 1.862233e-01
0rh581E2L10 0 0 0.15 1.858250e-01
0eUrJ0Z28LI 0 0 0.08 1.824762e-01
0pwtpPm-uxU 0 0 0.15 1.822492e-01
0mTAQI7w8sc 0 0 0.07 1.788212e-01
5HOIjy-lMYQ 0 0 0.16 1.695632e-01
1MNWQB9jrRs 0 0 0.21 1.683230e-01
03W_dNb7JLs 0 0 0.13 1.654366e-01
5OsPG3rjb1U 0 0 0.17 1.645891e-01
1T1Mtw5pn4Q 1 0 0.64 1.643574e-01
3n5FA0jseMw 0 0 0.32 1.639749e-01
1GR63Uu55dM 0 0 0.15 1.623888e-01
1rc0JB7AHi0 0 0 0.18 1.605802e-01
-_ZKKDqRQvQ 0 0 0.19 1.599116e-01
4DT1hrO78lc 0 0 0.12 1.584248e-01
5Z94lx53hx8 1 0 0.91 1.583101e-01
51-EIHS-KpE 0 0 0.13 1.580976e-01
-Ji3RM-lTaU 0 0 0.1 1.573332e-01
55QYOWgSe5o 0 0 0.13 1.570960e-01
4AdZhiQ2OrE 0 0 0.18 1.536266e-01
13v1xtWtueo 0 0 0.11 1.525761e-01
-WJwnl2T_4Q 0 0 0.25 1.523306e-01
41NJZqvGUZM 0 0 0.04 1.505658e-01
0OrvLqmlhEY 1 0 0.89 1.502483e-01
1GmLltOvrvw 0 0 0.15 1.498131e-01
03ZBMuALda0 0 0 0.1 1.494811e-01
0lUicrX8hu4 1 0 0.9 1.490791e-01
-Kmr0E3lNoA 0 0 0.32 1.489517e-01
-MUM3XyqEFg 0 0 0.11 1.489050e-01
4-nOnb56gSg 0 0 0.2 1.469291e-01
0uTBxpgJJuI 0 0 0.09 1.432837e-01
-jRgxRLkTIA 0 0 0.09 1.428321e-01
-vqHOULV0iU 0 0 0.06 1.406774e-01
3xzA0_48Oag 0 0 0.08 1.406370e-01
5_JvLWbN9so 0 0 0.1 1.405409e-01
-L6-i9rkW6Q 0 0 0.28 1.401613e-01
-il6LgZdrjk 0 0 0.06 1.391706e-01
-MNcDq1dw7M 0 0 0.25 1.388076e-01
4vcgZXnfMGk 0 0 0.22 1.351571e-01
0uMotNq_0Hs 0 0 0.08 1.350127e-01
4DHEKpzD2YU 1 0 0.97 1.349105e-01
3nQzbKPkmJk 1 0 0.6 1.336011e-01
-miQHtfAWI0 1 0 0.43 1.335714e-01
1fzHD46wRwo 0 0 0.25 1.335687e-01
1WO9GU2_RkI 0 0 0.06 1.333645e-01
0fjJyRfA3W8 0 0 0.16 1.322464e-01
-ZHTdGqEqSY 0 0 0.15 1.313918e-01
3uKTmbhhxFM 0 0 0.08 1.313699e-01
01hi-bIJI0Y 1 0 0.41 1.291784e-01
1-7eYsFYZRQ 0 0 0.25 1.268436e-01
4UEu2WkMNjQ 0 0 0.16 1.243233e-01
5MMNiyLpyow 1 0 0.97 1.241800e-01
0ZkZhR7F7Lo 1 0 0.74 1.239543e-01
1Y-81NlDroA 0 0 0.07 1.226280e-01
1TeWQFee-bM 0 0 0.13 1.220090e-01
-mX0pMDmZhQ 0 0 0.28 1.217275e-01
-xZiKi1JCfU 0 0 0.07 1.197539e-01
040qf3RJ0kw 0 0 0.1 1.196668e-01
4f99RLGDTEs 0 0 0.1 1.189593e-01
4tmV8OLquf0 0 0 0.22 1.179974e-01
13JGk2W9qvw 0 0 0.16 1.163887e-01
0oLlm3K6B6s 0 0 0.06 1.162812e-01
4eBu6ennrLE 0 0 0.11 1.161269e-01
0mdRYnaSB1Y 0 0 0.19 1.140250e-01
3vTCMGkcYqY 0 0 0.08 1.137255e-01
10IQS2X6DQo 0 0 0.07 1.121582e-01
-QdiNtL6JwQ 1 0 0.93 1.120680e-01
4zZuvq3GLe4 0 0 0.08 1.095898e-01
1tYoC0J8058 0 0 0.06 1.083868e-01
1pAWjZmIoJE 0 0 0.08 1.079972e-01
11d_QiocQqg 1 0 0.54 1.079793e-01
0QGtPTzwZi8 0 0 0.17 1.071497e-01
1tPQkymCaig 0 0 0.08 1.062185e-01
0wGQgwMBfcA 0 0 0.1 1.060547e-01
1W42V_boVcI 0 0 0.06 1.043573e-01
0EX1twiwKVU 0 0 0.05 1.042370e-01
1QLKbPg0DOw 1 0 0.87 1.025440e-01
1tlPk2-OX0A 0 0 0.14 1.024470e-01
4qqwA9HdASg 0 0 0.24 1.023799e-01
56Dbp9JCxbE 0 0 0.11 9.866562e-02
5d52KIzJ_gE 0 0 0.14 9.850475e-02
5eU0dxNcJ_A 0 0 0.09 9.713347e-02
5YTQCkuJIbc 0 0 0.26 9.708339e-02
4kwIQKP4FH0 0 0 0.07 9.701400e-02
-yjHK_imtKw 0 0 0.17 9.687651e-02
0LkC2cE7LXQ 0 0 0.06 9.465364e-02
-u9Rs3bvXOk 0 0 0.06 9.339354e-02
1szFX8polKo 0 0 0.22 9.304359e-02
0BeFeDU7RK0 0 0 0.11 9.210850e-02
0Tv4Bcxvg0I 0 0 0.09 9.202219e-02
15YWLcStacI 0 0 0.1 8.932627e-02
1Eb0pg65f3s 0 0 0.32 8.804822e-02
1eJgWtyh6gs 0 0 0.08 8.717118e-02
-ltzj95e68M 0 0 0.04 8.706720e-02
4fAeA-6p3J4 0 0 0.12 8.572827e-02
4Aqz1W3QC08 0 0 0.07 8.552861e-02
4TT61PQ0eB8 0 0 0.22 8.498671e-02
-l51YfJQUyk 1 0 0.22 8.409948e-02
-qS8FbH1TT8 0 0 0.09 8.399494e-02
1sEURubw07c 0 0 0.11 8.262078e-02
0EwtL2yr0y8 0 0 0.19 8.141398e-02
5Og7NM5f3P8 0 0 0.05 8.106173e-02
4CHZeVizxcs 0 0 0.1 7.998696e-02
5KA1TLCl8Vc 0 0 0.22 7.974978e-02
5Ha1thvsfeU 0 0 0.06 7.935762e-02
5NIGy3JWZiM 0 0 0.09 7.867630e-02
1HSvIXFg9GU 0 0 0.01 7.746286e-02
5LL8ktVpW1o 1 0 0.81 7.735963e-02
4K38i8cQ2Ok 0 0 0.06 7.685206e-02
4qqST8BqJ9s 0 0 0.2 7.611258e-02
43YMjaK5G80 0 0 0.13 7.567057e-02
5hONeYrHLg8 0 0 0.14 7.460596e-02
10eF2Y1vtSU 0 0 0.09 7.031321e-02
-kPG1z_pFDk 0 0 0.06 7.001739e-02
4w06G6-A2wE 0 0 0.08 6.960714e-02
5PBhEQQcUeg 0 0 0.11 6.956957e-02
4FUhj80606E 0 0 0.3 6.862218e-02
-lCErNwhLbg 0 0 0.19 6.855938e-02
1qTRhb3Wd8c 0 0 0.1 6.840416e-02
4-xQGlipgCs 0 0 0.2 6.838693e-02
-YeuVmchu-M 0 0 0.2 6.830484e-02
42rzULyT67A 0 0 0.11 6.710778e-02
4wOU_IjpXrI 0 0 0.13 6.708996e-02
1nvyJZv9pk8 0 0 0.01 6.638031e-02
0NdRoZh-2zU 0 0 0.09 6.550069e-02
1kK2_lpHaEE 0 0 0.13 6.464148e-02
-MC21SfN7JQ 0 0 0.1 6.452637e-02
00b6k17zCTw 0 0 0.11 6.424926e-02
-Ms77NxhSFE 0 0 0.12 6.379946e-02
-SNs9Wkk9Us 1 0 0.87 6.229433e-02
5VRr4q5Ay-E 0 0 0.13 6.227499e-02
-mxGH7o1thM 1 0 0.96 6.164722e-02
4-rk82sZNJo 0 0 0.05 6.101807e-02
5g8ay9J2ayI 0 0 0.08 6.088644e-02
-ix4wo72Gy0 0 0 0.09 6.081257e-02
5Feyp5jr5rg 0 0 0.05 6.073602e-02
4rW4rp54xyA 0 0 0.05 6.045241e-02
5FY1SJSxbOg 1 0 0.88 5.975574e-02
-l6eSOvKgEw 0 0 0.39 5.970086e-02
0krhPX4fjqY 0 0 0.22 5.962364e-02
3sJ6EDrvILw 0 0 0.05 5.943643e-02
4e_-W453Kys 0 0 0.05 5.915410e-02
11dArtopIbw 0 0 0.15 5.901504e-02
0SBHkS5ho3M 0 0 0.09 5.890330e-02
4ynyIk76f44 0 0 0.14 5.786605e-02
4GWSzPYLtRc 0 0 0.14 5.784280e-02
1QawHxCZQ9g 0 0 0.1 5.764257e-02
-gruAlxQu2M 0 0 0.25 5.506597e-02
0TmXTuJA2gE 0 0 0.09 5.497078e-02
4Yi9tMSEGh8 0 0 0.18 5.492409e-02
48Si6W1aVXg 0 0 0.11 5.409769e-02
5Jpkz0wWC58 0 0 0.2 5.337087e-02
16EYRx8Xjz4 0 0 0.04 5.322487e-02
5-VyMa3qYKs 0 0 0.06 5.263926e-02
5czVWjGOXFY 0 0 0.03 5.240484e-02
1MopV-J2KoA 0 0 0.06 5.168722e-02
552JFboN8QU 0 0 0.12 5.160208e-02
0FVTdhNmjM0 0 0 0.14 5.110082e-02
-eMJy35xy9U 0 0 0.13 4.922111e-02
4HTQXdEUsO4 0 0 0.04 4.907076e-02
0IPZHPr-EtQ 0 0 0.04 4.816474e-02
08e5rB2zFPQ 0 0 0.05 4.767832e-02
1fjm4EFOck0 0 0 0.11 4.741838e-02
-_h8Cnmx7rA 0 0 0.08 4.705822e-02
43ktQ_KevUI 0 0 0.16 4.657987e-02
07cyOPE9t4A 0 0 0.06 4.575749e-02
1UOyF1IFalA 0 0 0.13 4.487285e-02
5SwHJnHHOk8 0 0 0.12 4.449570e-02
47P0Fy-DYnI 0 0 0.06 4.377222e-02
1eTXKB8ecm4 0 0 0.13 4.340659e-02
4pL08UrfewI 0 0 0.13 4.336812e-02
01Tn0Fvc1bA 0 0 0.05 4.305428e-02
1c8axb3BuYQ 0 0 0.09 4.298893e-02
4huGwAxwOl8 0 0 0.1 4.193259e-02
4Hy36KsEpeI 0 0 0.16 4.186962e-02
52cdhl5xrd0 0 0 0.05 4.182941e-02
1PnSatLeG0s 0 0 0.14 4.150582e-02
4-6OUHdonjU 0 0 0.06 4.088352e-02
5Na80JHngzc 0 0 0.05 4.060196e-02
5EmzbJXWhEo 0 0 0.1 4.057119e-02
1o1SsjxXRic 0 0 0.05 3.946601e-02
5ji8HPmVa-4 0 0 0.11 3.854109e-02
0LkBOWLX83w 0 0 0.16 3.807445e-02
-L3v8-poBa4 0 0 0.09 3.793548e-02
0kIDeKrPBUU 0 0 0.16 3.697760e-02
-pPSM_rMu2k 1 0 0.25 3.665641e-02
4-OxtLvke7E 0 0 0.18 3.604843e-02
3wpEAM9W7y4 0 0 0.29 3.547379e-02
03FF1Sz53YU 0 0 0.08 3.536575e-02
1fkOYUKtQyI 0 0 0.13 3.490354e-02
-PuJSys8oMk 0 0 0.06 3.469018e-02
0YytkZJx-VE 0 0 0.17 3.377385e-02
4w_XPQq-4sA 0 0 0.07 3.366082e-02
5BUSnX3g-EM 0 0 0.13 3.356022e-02
4N2ePx-jhfc 0 0 0.11 3.154511e-02
5Zs5h0VkNgs 0 0 0.09 3.153490e-02
09TB9IoSpXQ 0 0 0.08 3.137226e-02
1jm-VEgQYH8 0 0 0.06 3.121365e-02
4CgaTAi4nqI 0 0 0.07 3.092691e-02
44wyEoU_uQQ 0 0 0.04 3.016660e-02
16gPtbkbvAQ 0 0 0.09 2.982148e-02
00KeOQP3F4A 0 0 0.1 2.943131e-02
4jIzY8xz-1I 0 0 0.01 2.862789e-02
4O3KMph3sGI 0 0 0.19 2.862082e-02
4aTkHVdoqkw 0 0 0.25 2.839548e-02
-YwWgR1m8_Y 0 0 0.05 2.825038e-02
-R50rxfghjg 0 0 0.13 2.776645e-02
0Ec9GyJAEjY 0 0 0.29 2.711962e-02
56D6pZHezSk 0 0 0.05 2.683571e-02
0KR4T_B02FM 0 0 0.12 2.649782e-02
5QFKdgZFmyw 0 0 0.16 2.542310e-02
42D6R8Es3sI 0 0 0.12 2.532871e-02
-yXCNmqGQ0M 0 0 0.16 2.531116e-02
3pOGUKrMseg 0 0 0.18 2.483875e-02
16PCLyl_H48 0 0 0.15 2.479286e-02
-MpxXh4TGyg 0 0 0.07 2.476238e-02
1bgJ0OwlKV8 0 0 0.11 2.467313e-02
-jj2nXYoFYE 0 0 0.17 2.462771e-02
1ptvHLoDv10 0 0 0.12 2.427651e-02
1UMaCbZx3Ag 0 0 0.13 2.353468e-02
17pdZNQSr1c 0 0 0.03 2.339230e-02
5acGSsTALyE 0 0 0.13 2.270555e-02
10JM_YStYpw 0 0 0.11 2.250590e-02
3zh_Jijhwsg 0 0 0.07 2.250002e-02
-0n50a7seNI 0 0 0.11 2.228170e-02
1VoNKxGhiUk 0 0 0.09 2.171187e-02
1wOj7xTYj5U 0 0 0.13 2.153039e-02
5PKh_veiSk8 0 0 0.03 2.150786e-02
5K7yt36R04w 0 0 0.06 2.021125e-02
13w-Autf9E0 0 0 0.09 2.010059e-02
4V0VOawQ5dg 0 0 0.07 1.993047e-02
-sf8idyg5CM 0 0 0.1 1.979194e-02
1wBYmhN0Uqc 0 0 0.03 1.967273e-02
4AtTz8uD0hU 0 0 0.05 1.964711e-02
3rbg8mdOHlE 0 0 0.03 1.950839e-02
0c3EDq4VzRY 0 0 0.08 1.868682e-02
5CNtVGHdXT4 0 0 0.1 1.861950e-02
-UIxNxlvapk 0 0 0.05 1.803059e-02
-_wOEpl15YU 0 0 0.08 1.764736e-02
092BG73R0ak 0 0 0.1 1.744948e-02
46fVxPS0n2c 0 0 0.09 1.741597e-02
3mW29k5qTZM 0 0 0.16 1.733538e-02
-U4i44fVZJE 0 0 0.1 1.698517e-02
-qFg_TAe9H0 0 0 0.13 1.673514e-02
-TYedWQk1oE 0 0 0.08 1.568723e-02
3tvkEyPXZmg 0 0 0.12 1.509919e-02
0yT5fffr4kg 0 0 0.13 1.448245e-02
-JNXp8A55s8 0 0 0.05 1.387693e-02
52JVAhy3FWE 0 0 0.08 1.376462e-02
41stW8wFb1g 0 0 0.07 1.356253e-02
5b-nhaF7Ga0 0 0 0.15 1.351172e-02
4hqg0XEyrPQ 0 0 0.03 1.334374e-02
5YegKcusCZY 0 0 0.09 1.225144e-02
3p03pWB7Nfk 0 0 0.1 1.224687e-02
1HkloCaFwyo 0 0 0.13 1.187384e-02
5QSH4TuOcb0 0 0 0.09 1.126534e-02
4U97-jCnWUc 0 0 0.11 1.092970e-02
-m6ac6w-r3o 0 0 0.09 1.054324e-02
116IZnYNzx4 0 0 0.11 9.355694e-03
55KSDnO2C7k 0 0 0.05 9.317744e-03
0PqXAWG-SF0 0 0 0.11 9.182610e-03
41UaPRP4SNc 0 0 0.03 8.926087e-03
3ogSC8TdIxQ 1 0 0.53 8.824889e-03
48grDvwpfOM 1 0 0.84 8.602474e-03
1uL25kL7jHw 0 0 0.1 7.926822e-03
19IeCfVdkDM 0 0 0.13 6.597179e-03
-pPfQ3hd6oA 0 0 0.11 6.542338e-03
5KJvO3BkcXE 0 0 0.1 6.068063e-03
4zTezvXow6w 0 0 0.09 1.566027e-03
