4zTezvXow6w 1 1 0.92 9.766474e-01
5KJvO3BkcXE 1 1 0.87 9.758583e-01
5QFKdgZFmyw 1 1 0.58 9.633424e-01
16PCLyl_H48 1 1 0.92 9.523075e-01
5acGSsTALyE 1 1 0.93 9.383339e-01
0KR4T_B02FM 1 1 0.9 9.279870e-01
43ktQ_KevUI 1 1 0.9 9.269994e-01
-qoBKqFZXME 1 1 0.9 9.215384e-01
-0n50a7seNI 1 1 0.91 9.173188e-01
4wOU_IjpXrI 1 1 0.91 9.159601e-01
4w_XPQq-4sA 1 1 0.91 9.150115e-01
-R50rxfghjg 1 1 0.92 9.095101e-01
4huGwAxwOl8 1 1 0.9 9.077267e-01
4qqST8BqJ9s 1 1 0.89 9.056661e-01
0Ec9GyJAEjY 1 1 0.87 8.996279e-01
5KA1TLCl8Vc 1 1 0.89 8.934883e-01
1fkOYUKtQyI 1 1 0.92 8.927914e-01
4tmV8OLquf0 1 1 0.84 8.883540e-01
4V0VOawQ5dg 1 1 0.83 8.813167e-01
5Jpkz0wWC58 1 1 0.84 8.794997e-01
3mW29k5qTZM 1 1 0.87 8.725915e-01
4ynyIk76f44 1 1 0.92 8.668401e-01
4CgaTAi4nqI 1 1 0.88 8.664079e-01
0mTAQI7w8sc 1 1 0.93 8.617659e-01
5BUSnX3g-EM 1 1 0.93 8.474513e-01
552JFboN8QU 1 1 0.61 8.469168e-01
11dArtopIbw 1 1 0.9 8.390944e-01
1fzHD46wRwo 1 1 0.88 8.366402e-01
3lsFCcZM46k 1 1 0.92 8.289957e-01
51-EIHS-KpE 1 1 0.91 8.260259e-01
0yT5fffr4kg 1 1 0.92 8.240436e-01
1sEURubw07c 1 1 0.93 8.236199e-01
5ji8HPmVa-4 1 1 0.93 8.163328e-01
4Hy36KsEpeI 1 1 0.91 8.142874e-01
-jj2nXYoFYE 1 1 0.82 8.096797e-01
00b6k17zCTw 1 1 0.85 8.063556e-01
3r4CvYo6tWM 1 1 0.92 8.048001e-01
43YMjaK5G80 1 1 0.56 8.035045e-01
4AJPMarIzqc 1 1 0.92 7.995456e-01
-Ms77NxhSFE 1 1 0.92 7.805100e-01
0YytkZJx-VE 1 1 0.92 7.763066e-01
1LaJwL9hbIk 1 1 0.93 7.599547e-01
4U97-jCnWUc 1 1 0.91 7.525775e-01
0oLlm3K6B6s 1 1 0.81 7.445464e-01
4f99RLGDTEs 1 1 0.84 7.369956e-01
-U4i44fVZJE 1 1 0.91 7.363238e-01
4-OxtLvke7E 1 1 0.87 7.348309e-01
1MNWQB9jrRs 1 1 0.86 7.322796e-01
4TT61PQ0eB8 1 1 0.68 7.267187e-01
5KXICXmKpZc 1 1 0.92 7.265592e-01
1pAWjZmIoJE 0 1 0.05 7.220310e-01
01Tn0Fvc1bA 1 1 0.74 7.205973e-01
0LkBOWLX83w 0 1 0.17 7.143848e-01
3wwdOUMQ-cQ 0 1 0.1 7.072809e-01
-L6-i9rkW6Q 1 1 0.74 7.071095e-01
-k9a8MS8g0g 1 1 0.77 6.969345e-01
5b-nhaF7Ga0 1 1 0.92 6.917424e-01
13v1xtWtueo 1 1 0.89 6.910583e-01
52JVAhy3FWE 1 1 0.87 6.895971e-01
-Lfhpm1GDmA 1 1 0.92 6.892040e-01
-YeuVmchu-M 1 1 0.69 6.864335e-01
1bgJ0OwlKV8 1 1 0.62 6.847145e-01
0FVTdhNmjM0 1 1 0.84 6.816456e-01
1UMaCbZx3Ag 1 1 0.52 6.812706e-01
1TeWQFee-bM 1 1 0.9 6.805483e-01
0BeFeDU7RK0 1 1 0.7 6.770758e-01
4zZgZp0HuB0 1 1 0.91 6.725180e-01
1_bgKeogKe4 1 1 0.94 6.722346e-01
092BG73R0ak 1 1 0.92 6.609723e-01
-l6eSOvKgEw 1 1 0.77 6.604570e-01
1Eb0pg65f3s 1 1 0.71 6.495075e-01
0vd5DX-LPmc 1 1 0.88 6.484639e-01
49wCa7kPUfA 1 1 0.89 6.427266e-01
0o6J-2USwwE 1 1 0.92 6.290836e-01
-yjHK_imtKw 1 1 0.5 6.283330e-01
-ltzj95e68M 1 1 0.93 6.224053e-01
-Kmr0E3lNoA 1 1 0.77 6.222945e-01
5hONeYrHLg8 1 1 0.87 6.201507e-01
5HOIjy-lMYQ 1 1 0.88 6.165268e-01
1UOyF1IFalA 1 1 0.92 6.115730e-01
4FsWN72u7PY 1 1 0.93 6.069612e-01
0rh581E2L10 1 1 0.92 6.004705e-01
4vcgZXnfMGk 1 1 0.9 5.833077e-01
4O3KMph3sGI 1 1 0.89 5.817250e-01
3tvkEyPXZmg 1 1 0.84 5.758010e-01
-MC21SfN7JQ 1 1 0.89 5.751378e-01
5YTQCkuJIbc 1 1 0.78 5.722674e-01
4-xQGlipgCs 1 1 0.93 5.685394e-01
3ogSC8TdIxQ 0 1 0.74 5.298136e-01
-TSK5P5OZOM 1 1 0.93 5.156961e-01
02mpJUpG0TI 1 1 0.91 5.074118e-01
-RLHh9xmWOk 1 1 0.84 5.061812e-01
-MNcDq1dw7M 1 0 0.83 4.910310e-01
5FY1SJSxbOg 0 0 0.09 4.880136e-01
0EwtL2yr0y8 1 0 0.52 4.749181e-01
116IZnYNzx4 0 0 0.14 4.606790e-01
4aTkHVdoqkw 1 0 0.59 4.546774e-01
5EmzbJXWhEo 1 0 0.9 4.494034e-01
1rc0JB7AHi0 1 0 0.9 4.452766e-01
4uXBcDPQk8w 1 0 0.85 4.402573e-01
1ptvHLoDv10 1 0 0.61 4.385768e-01
1c8axb3BuYQ 1 0 0.78 4.382480e-01
3pOGUKrMseg 1 0 0.82 4.350687e-01
-vmZoo8j-AM 1 0 0.91 4.207734e-01
0QGtPTzwZi8 1 0 0.91 4.031205e-01
0kIDeKrPBUU 1 0 0.56 4.011904e-01
0CXPF1jl_Lw 0 0 0.18 3.958631e-01
5OsPG3rjb1U 1 0 0.76 3.854813e-01
47P0Fy-DYnI 1 0 0.68 3.832506e-01
1WF8FMitboA 1 0 0.72 3.804271e-01
-SNs9Wkk9Us 0 0 0.1 3.796136e-01
5FvSv-IE6Tc 1 0 0.87 3.773890e-01
5PBhEQQcUeg 0 0 0.23 3.541090e-01
-mX0pMDmZhQ 1 0 0.81 3.456114e-01
-gruAlxQu2M 1 0 0.84 3.253250e-01
1GR63Uu55dM 0 0 0.23 3.245499e-01
1qTRhb3Wd8c 1 0 0.9 3.173266e-01
3n5FA0jseMw 1 0 0.85 3.089112e-01
4CHZeVizxcs 0 0 0.15 3.046207e-01
-yXCNmqGQ0M 1 0 0.6 3.037720e-01
5DT3BGNdlYM 1 0 0.82 3.037195e-01
19IeCfVdkDM 1 0 0.73 3.006812e-01
1kK2_lpHaEE 1 0 0.59 2.986546e-01
5SwHJnHHOk8 1 0 0.94 2.960177e-01
-mxGH7o1thM 0 0 0.05 2.928749e-01
1uL25kL7jHw 0 0 0.17 2.921423e-01
42rzULyT67A 1 0 0.91 2.916913e-01
0lUicrX8hu4 0 0 0.09 2.834983e-01
4AdZhiQ2OrE 1 0 0.91 2.811975e-01
3rbg8mdOHlE 0 0 0.06 2.787502e-01
5cQR_hNLZs4 0 0 0.14 2.773000e-01
5asyMt9Upfk 1 0 0.91 2.696279e-01
5d52KIzJ_gE 1 0 0.76 2.634213e-01
0SgEB3BCvGA 0 0 0.4 2.553873e-01
48grDvwpfOM 0 0 0.12 2.539920e-01
-JNXp8A55s8 1 0 0.57 2.536205e-01
4Zbmyk4raZY 0 0 0.3 2.442749e-01
-pPSM_rMu2k 0 0 0.83 2.440052e-01
1DMqa2jDpqA 0 0 0.11 2.388442e-01
42D6R8Es3sI 1 0 0.81 2.327318e-01
41NJZqvGUZM 0 0 0.07 2.302308e-01
15MSK5Nv16k 1 0 0.66 2.291607e-01
40MwwJyIpy4 0 0 0.1 2.264323e-01
4rZ907xLb_U 0 0 0.13 2.180161e-01
555HdQHE3j4 0 0 0.06 2.148714e-01
4rW4rp54xyA 0 0 0.25 2.113434e-01
4qqwA9HdASg 1 0 0.8 2.091562e-01
-lCErNwhLbg 1 0 0.9 2.091429e-01
5Zs5h0VkNgs 0 0 0.06 2.076425e-01
4KIG86cHnNw 0 0 0.09 2.050239e-01
4-nOnb56gSg 0 0 0.2 2.019852e-01
-MUM3XyqEFg 1 0 0.91 1.986615e-01
4sZ9c-H54mU 1 0 0.93 1.979123e-01
1szFX8polKo 1 0 0.9 1.925602e-01
4hqg0XEyrPQ 0 0 0.07 1.894268e-01
-K4hB7LCz_M 0 0 0 1.884243e-01
5Z94lx53hx8 0 0 0.17 1.873264e-01
0uTBxpgJJuI 0 0 0.17 1.871652e-01
-sIuewUzPoE 0 0 0.03 1.828285e-01
56D6pZHezSk 0 0 0.06 1.814224e-01
46fVxPS0n2c 0 0 0.18 1.790834e-01
1mjoo_XQVZI 1 0 0.82 1.753942e-01
5VVQqhCFW-4 0 0 0.09 1.744707e-01
1rTBJJZWgk4 1 0 0.82 1.725571e-01
1-7eYsFYZRQ 1 0 0.85 1.724387e-01
5YegKcusCZY 0 0 0.2 1.648356e-01
4z5aBO_ql5o 0 0 0.09 1.612956e-01
4A8793H627I 0 0 0.18 1.599619e-01
4DHEKpzD2YU 0 0 0.11 1.573025e-01
-YwWgR1m8_Y 1 0 0.56 1.557382e-01
-_NlReHSyZ4 0 0 0.36 1.548973e-01
-qFg_TAe9H0 0 0 0.14 1.526017e-01
4qsADJ0pmxM 0 0 0.07 1.525042e-01
4sMbu2Pr6xA 0 0 0.21 1.507024e-01
4FUhj80606E 1 0 0.76 1.503138e-01
3nv4cporQ5o 0 0 0.26 1.486727e-01
4Yi9tMSEGh8 0 0 0.26 1.409233e-01
4kwIQKP4FH0 0 0 0.04 1.397491e-01
0I0T-JENkhg 0 0 0.14 1.381950e-01
3pqyXX9KdHY 0 0 0.35 1.380407e-01
-l51YfJQUyk 0 0 0.49 1.375950e-01
-KMioe2JwBE 0 0 0.19 1.318506e-01
1heI9Qj9dl0 0 0 0.11 1.309230e-01
4DT1hrO78lc 0 0 0.2 1.262189e-01
4e_-W453Kys 1 0 0.22 1.245221e-01
08e5rB2zFPQ 1 0 0.65 1.204082e-01
5VRr4q5Ay-E 1 0 0.73 1.195017e-01
3wpEAM9W7y4 0 0 0.38 1.170168e-01
3nQzbKPkmJk 0 0 0.2 1.148803e-01
0YByiOReG8E 0 0 0.1 1.141827e-01
-XchxlnNlDg 0 0 0.08 1.120750e-01
09TB9IoSpXQ 0 0 0.09 1.070024e-01
5jvIRPG0pXI 0 0 0.2 1.045434e-01
1GwFBPb8SX8 0 0 0.23 1.040921e-01
1rc0YmHCO0g 0 0 0.26 1.027971e-01
4Wk8kYxvD8Q 0 0 0.12 1.021794e-01
3y1PnXLbibw 1 0 0.73 9.985032e-02
4ZB44ewdXz0 0 0 0.09 9.764249e-02
1HkloCaFwyo 0 0 0.11 9.760618e-02
5NIGy3JWZiM 0 0 0.12 9.724423e-02
1VDIYqIDuhI 0 0 0.05 9.708362e-02
17pdZNQSr1c 0 0 0.13 9.622958e-02
-vqHOULV0iU 0 0 0.09 9.518500e-02
0qCD3Jdw_ys 0 0 0.07 9.366389e-02
0XEyBKELKI0 0 0 0.06 9.342611e-02
03FF1Sz53YU 0 0 0.06 9.203812e-02
-jRgxRLkTIA 0 0 0.11 8.936471e-02
5Feyp5jr5rg 0 0 0.05 8.839428e-02
0GYhYV0lIgM 0 0 0.09 8.794593e-02
1BG0ut3-Dps 0 0 0.06 8.725077e-02
5Cj8K3OzKfc 0 0 0.13 8.702259e-02
53a_8hJh-tA 0 0 0.32 8.588787e-02
0R2vlCPga04 1 0 0.9 8.357419e-02
0F5dZUj7SKE 0 0 0.07 8.139809e-02
0NdRoZh-2zU 0 0 0.09 7.910422e-02
5ip2qhQy6w8 0 0 0.07 7.818465e-02
0QLovZrWLvY 0 0 0.28 7.798832e-02
1tPQkymCaig 1 0 0.76 7.748955e-02
0QweaoZDeQ4 0 0 0.33 7.682439e-02
0OrvLqmlhEY 0 0 0.08 7.565742e-02
0SBHkS5ho3M 0 0 0.07 7.436919e-02
03OSTDJYfRc 0 0 0.27 7.388157e-02
16gPtbkbvAQ 1 0 0.93 7.374728e-02
3uHbEfH2Ezs 0 0 0.13 7.368888e-02
4NlUzXHDVOE 1 0 0.42 7.187083e-02
1nOEO3qlea0 0 0 0.24 7.166502e-02
5hXiJJwXc3o 0 0 0.07 7.145341e-02
51b2PbXOc4s 0 0 0.28 6.939200e-02
0RosoZRG_RM 0 0 0.07 6.865214e-02
0LkC2cE7LXQ 0 0 0.11 6.589800e-02
5LL8ktVpW1o 0 0 0.38 6.415859e-02
-tqFKio99ho 0 0 0.21 6.327860e-02
16EYRx8Xjz4 0 0 0.16 6.264325e-02
0U2VusI6ZoU 0 0 0.11 6.213535e-02
-UIxNxlvapk 0 0 0.03 6.192786e-02
0EX1twiwKVU 0 0 0.08 6.143779e-02
5Rln_fPIBYs 0 0 0.05 6.074050e-02
4bqYemOSlvY 0 0 0.27 5.881028e-02
5kDUMLnSyp4 0 0 0.36 5.736330e-02
1T1Mtw5pn4Q 0 0 0.34 5.704643e-02
43U4OIyFaYM 0 0 0.07 5.474942e-02
5aw_ICo5Deg 0 0 0.14 5.467592e-02
1GmLltOvrvw 0 0 0.13 5.467341e-02
-qS8FbH1TT8 0 0 0.13 5.411838e-02
13w-Autf9E0 0 0 0.07 5.386233e-02
1tlPk2-OX0A 0 0 0.13 5.310111e-02
1vBN_rntrpk 0 0 0.05 5.240142e-02
52cdhl5xrd0 0 0 0.17 5.097551e-02
07cyOPE9t4A 0 0 0.06 5.090022e-02
1W42V_boVcI 0 0 0.03 5.089458e-02
-sf8idyg5CM 0 0 0.17 5.086134e-02
-xFijZ1ubPg 0 0 0.08 5.002461e-02
1Yje_lnKDHc 0 0 0.08 4.956996e-02
5-VyMa3qYKs 0 0 0.07 4.903598e-02
4ggpqFQ-4dY 0 0 0.21 4.856616e-02
0PqXAWG-SF0 0 0 0.16 4.624999e-02
0IPZHPr-EtQ 0 0 0.08 4.592225e-02
47T1YHJ16a8 0 0 0.17 4.577228e-02
4T2Ka5cH7CE 0 0 0.41 4.538710e-02
5K7yt36R04w 0 0 0.15 4.489267e-02
0c3EDq4VzRY 0 0 0.13 4.445099e-02
4AtTz8uD0hU 0 0 0.11 4.226131e-02
5Ha1thvsfeU 0 0 0.09 4.181293e-02
01hi-bIJI0Y 0 0 0.53 4.131512e-02
1EdbDSHHXKM 0 0 0.18 4.071434e-02
-uuDiQU1wOM 0 0 0.19 4.061763e-02
41NKQFiPWS4 0 0 0.08 4.061321e-02
3zh_Jijhwsg 0 0 0.09 4.061109e-02
1KBCFLAUIT0 0 0 0.15 4.055264e-02
-MpxXh4TGyg 0 0 0.02 4.052960e-02
16mW_ij3jSY 0 0 0.29 3.998489e-02
0RbuY3CskEU 0 0 0.04 3.967670e-02
1S9aybZaqkE 0 0 0.06 3.966219e-02
11d_QiocQqg 0 0 0.43 3.961803e-02
4gY3faaPj_k 0 0 0.08 3.918826e-02
-PPxVQvJHqw 0 0 0.36 3.894383e-02
1dtLkVmSqtc 0 0 0.11 3.836899e-02
-GulHMmrt-o 0 0 0.23 3.804207e-02
5G9oWmwz748 0 0 0.11 3.786977e-02
4TL9BKfuqJ0 0 0 0.07 3.776730e-02
0rIuhd4sCRg 0 0 0.06 3.684886e-02
-il6LgZdrjk 0 0 0.21 3.612800e-02
-QdiNtL6JwQ 0 0 0.08 3.594934e-02
-mrg30x9fDQ 0 0 0.09 3.547214e-02
4N2ePx-jhfc 0 0 0.09 3.515946e-02
42zdZwia7zE 0 0 0.13 3.507093e-02
1xHaYAk4_1A 0 0 0.05 3.495232e-02
13JGk2W9qvw 0 0 0.18 3.490322e-02
4ZeYfPAAHl0 0 0 0.02 3.431096e-02
53fvufynmVY 0 0 0.08 3.421317e-02
1vCnPYalC5k 0 0 0.24 3.406140e-02
3p03pWB7Nfk 0 0 0.06 3.388393e-02
5MMNiyLpyow 0 0 0.11 3.322490e-02
00KeOQP3F4A 0 0 0.12 3.298985e-02
5g8ay9J2ayI 0 0 0.06 3.235649e-02
0ZkZhR7F7Lo 0 0 0.17 3.155902e-02
0RAHikS9fvQ 0 0 0.18 3.116764e-02
-z6JfzkJuCM 0 0 0.08 3.037513e-02
-kdahZGrC7k 0 0 0.12 2.988962e-02
4Aqz1W3QC08 0 0 0.03 2.988884e-02
5NF3zOxikqg 0 0 0.24 2.913555e-02
1X6333AjlMs 0 0 0.08 2.885420e-02
4HTQXdEUsO4 0 0 0.07 2.842680e-02
10JM_YStYpw 0 0 0.09 2.841592e-02
04liAs0D358 0 0 0.11 2.840210e-02
04NGq2WY4ME 0 0 0.22 2.834510e-02
1Oc7QOnOU6k 0 0 0.2 2.816236e-02
4qBq47yL8vA 0 0 0.13 2.808818e-02
4fAeA-6p3J4 0 0 0.03 2.758561e-02
-miQHtfAWI0 0 0 0.39 2.692357e-02
41_9GHoDy3Q 0 0 0.07 2.687657e-02
5CNtVGHdXT4 0 0 0.13 2.662846e-02
5QSH4TuOcb0 0 0 0.07 2.629444e-02
0uMotNq_0Hs 0 0 0.06 2.625931e-02
3vTCMGkcYqY 0 0 0.05 2.617611e-02
0wGQgwMBfcA 0 0 0.15 2.603914e-02
1nvyJZv9pk8 0 0 0.09 2.567346e-02
-IByByzFDyQ 0 0 0.06 2.551725e-02
4tvR8ku1SI0 0 0 0.08 2.542403e-02
1eDITCytUf8 0 0 0.09 2.535704e-02
-pPfQ3hd6oA 0 0 0.21 2.535558e-02
3sJ6EDrvILw 0 0 0.11 2.512718e-02
5jWlH_ZewlA 0 0 0.08 2.478350e-02
1EQ_2MPdqYs 0 0 0.05 2.459151e-02
5dUUq1VFf1k 0 0 0.08 2.441967e-02
03W_dNb7JLs 0 0 0.13 2.386937e-02
1wBYmhN0Uqc 0 0 0.09 2.380941e-02
4jIzY8xz-1I 0 0 0.09 2.325518e-02
-lE3PMRuOck 0 0 0.07 2.243293e-02
1--IBh1NhIk 0 0 0.08 2.204209e-02
4UEu2WkMNjQ 0 0 0.06 2.135962e-02
0Tv4Bcxvg0I 0 0 0.1 2.078622e-02
5_JvLWbN9so 0 0 0.08 2.074848e-02
-_h8Cnmx7rA 0 0 0.1 2.023472e-02
1c7ddH8_OY4 0 0 0.37 1.969833e-02
4yR7RnhQ3zI 0 0 0.25 1.958665e-02
-KyJApAwKug 0 0 0.05 1.953409e-02
50xs45jTxPc 0 0 0.21 1.936329e-02
-TYedWQk1oE 0 0 0.07 1.900828e-02
4dEmcbbe_YY 0 0 0.09 1.900647e-02
1wOj7xTYj5U 0 0 0.25 1.900613e-02
5eRUm-6549I 0 0 0.12 1.890706e-02
1KTGEaqBm2c 0 0 0.11 1.833209e-02
0eUrJ0Z28LI 0 0 0.08 1.821394e-02
-KBYMG0ogFA 0 0 0.24 1.819803e-02
44wyEoU_uQQ 0 0 0.08 1.752275e-02
3u2VMvBRDZs 0 0 0.08 1.704870e-02
4GWSzPYLtRc 0 0 0.12 1.694925e-02
-Vif0do57AQ 0 0 0.08 1.689706e-02
1HSvIXFg9GU 0 0 0.08 1.676476e-02
1MopV-J2KoA 0 0 0.08 1.655211e-02
3sNm7F1Rb3U 0 0 0.11 1.625988e-02
4-rk82sZNJo 0 0 0.07 1.622216e-02
1VoNKxGhiUk 0 0 0.08 1.560330e-02
1GqfsNyJhVg 0 0 0.08 1.552451e-02
1tYoC0J8058 0 0 0.13 1.552308e-02
1FP3z5oetdQ 0 0 0.35 1.525156e-02
4boGRpL0OwI 0 0 0.11 1.522783e-02
55AHzTR_i2k 0 0 0.12 1.512698e-02
1jm-VEgQYH8 0 0 0.14 1.512644e-02
41stW8wFb1g 0 0 0.1 1.509310e-02
10eF2Y1vtSU 0 0 0.14 1.479319e-02
4vJr4ftm8Ro 0 0 0.09 1.457096e-02
-m6ac6w-r3o 0 0 0.07 1.452853e-02
3xzA0_48Oag 0 0 0.08 1.444814e-02
1QawHxCZQ9g 0 0 0.07 1.397216e-02
48Si6W1aVXg 0 0 0.11 1.376820e-02
4zZuvq3GLe4 0 0 0.14 1.355289e-02
4B3BDXa_VGY 0 0 0.07 1.349806e-02
3st3MlL2vbY 0 0 0.09 1.333412e-02
1PnSatLeG0s 0 0 0.26 1.325707e-02
1eJgWtyh6gs 0 0 0.13 1.282630e-02
3wCt5_px63Y 0 0 0.15 1.272174e-02
4Bu8JSnrHPM 0 0 0.13 1.262562e-02
-_wOEpl15YU 0 0 0.13 1.251950e-02
5PKh_veiSk8 0 0 0.07 1.206432e-02
10IQS2X6DQo 0 0 0.11 1.200716e-02
3lqtGGv6JRw 0 0 0.1 1.192128e-02
48VkqmoSTgY 0 0 0.12 1.191860e-02
0pwtpPm-uxU 0 0 0.14 1.170266e-02
-wnhmxNlhXE 0 0 0.1 1.140961e-02
-kPG1z_pFDk 0 0 0.06 1.137336e-02
5Og7NM5f3P8 0 0 0.18 1.098367e-02
5czVWjGOXFY 0 0 0.01 1.090099e-02
-l1eGa3VCcw 0 0 0.19 1.072533e-02
1erKh-yl0Ng 0 0 0.08 1.070243e-02
0276tzdXxgk 0 0 0.08 1.064897e-02
41UaPRP4SNc 0 0 0.09 1.052964e-02
1eTXKB8ecm4 0 0 0.28 1.048541e-02
56Dbp9JCxbE 0 0 0.08 1.045851e-02
4ZhVYKwS_hA 0 0 0.05 1.019635e-02
0e8dQCtnWBQ 0 0 0.08 1.014187e-02
-_ZKKDqRQvQ 0 0 0.13 9.546111e-03
-eMJy35xy9U 0 0 0.09 8.838994e-03
-ix4wo72Gy0 0 0 0.12 8.820552e-03
0j4Yj6AWHi0 0 0 0.25 8.745509e-03
-TZncDf7ENs 0 0 0.09 8.738232e-03
4hyR6kgcBnE 0 0 0.1 8.582468e-03
15YWLcStacI 0 0 0.05 8.218417e-03
10Vd5F_ooXU 0 0 0.08 8.177407e-03
1fjm4EFOck0 0 0 0.05 8.023258e-03
0S_yZerJKr8 0 0 0.21 8.018249e-03
4gt4BYxY2wg 0 0 0.18 7.901146e-03
0mdRYnaSB1Y 0 0 0.12 7.404987e-03
03ZBMuALda0 0 0 0.13 7.338272e-03
-LJYa2YIdLk 0 0 0.11 7.188630e-03
55QYOWgSe5o 0 0 0.06 7.093874e-03
0krhPX4fjqY 0 0 0.57 6.681267e-03
4K38i8cQ2Ok 0 0 0.05 6.679789e-03
0kNYQ20gFjM 0 0 0.2 6.543274e-03
55KSDnO2C7k 0 0 0.1 6.370639e-03
-ZHTdGqEqSY 0 0 0.12 6.140697e-03
1uVHrhWcOag 0 0 0.21 5.864288e-03
4E050kdAj3o 0 0 0.33 5.832896e-03
1o1SsjxXRic 0 0 0.05 5.482125e-03
-xZiKi1JCfU 0 0 0.17 5.451145e-03
1Y-81NlDroA 0 0 0.12 5.151740e-03
3uKTmbhhxFM 0 0 0.16 5.064926e-03
4wSUnjlW35Y 0 0 0.23 4.966005e-03
0fjJyRfA3W8 0 0 0.14 4.960843e-03
-L3v8-poBa4 0 0 0.09 4.673913e-03
-HUkS8zNuuI 0 0 0.46 4.571991e-03
1QLKbPg0DOw 0 0 0.19 4.431794e-03
4eBu6ennrLE 0 0 0.11 4.381579e-03
5eU0dxNcJ_A 0 0 0.1 4.271567e-03
5iM2Ob_Eaec 0 0 0.02 4.161204e-03
-hpHjpbUrMs 0 0 0.03 4.130047e-03
040qf3RJ0kw 0 0 0.06 3.992257e-03
1aiVdge_vd8 0 0 0.19 3.814637e-03
-u9Rs3bvXOk 0 0 0.11 3.729018e-03
1C1uEugmodk 0 0 0.14 3.548604e-03
0Nb45QzPOmk 0 0 0.11 3.422523e-03
4-6OUHdonjU 0 0 0.03 3.412543e-03
43ac7z1GvpI 0 0 0.12 3.344101e-03
3qxfZZb9Jz4 0 0 0.05 3.116182e-03
4w06G6-A2wE 0 0 0.06 2.889469e-03
-PuJSys8oMk 0 0 0.12 1.757189e-05
-WJwnl2T_4Q 0 0 0.3 1.630940e-05
4pL08UrfewI 0 0 0.13 1.414246e-05
5Na80JHngzc 0 0 0.04 1.180017e-05
53b5VJjIWOU 0 0 0.06 1.157874e-05
-l38EuwPz_o 0 0 0.1 1.002792e-05
-Ji3RM-lTaU 0 0 0.14 9.574337e-06
-HlRKWK9clo 0 0 0.11 8.230822e-06
3mZ8HfxY8KY 0 0 0.39 8.069706e-06
0cYa-dZzlEo 0 0 0.05 6.302611e-06
1WO9GU2_RkI 0 0 0.04 4.946704e-06
5-YHieEhdT4 0 0 0.1 4.846827e-06
1u88HrLz_k4 0 0 0.36 4.356518e-06
0TmXTuJA2gE 0 0 0.05 3.971217e-06
