4ZhVYKwS_hA 1 1 0.95 9.854035e-01
1KBCFLAUIT0 1 1 0.85 9.846241e-01
04NGq2WY4ME 1 1 0.84 9.749606e-01
-XchxlnNlDg 1 1 0.96 9.667490e-01
1eDITCytUf8 1 1 0.97 9.568168e-01
-xFijZ1ubPg 1 1 0.95 9.551879e-01
41_9GHoDy3Q 1 1 0.96 9.502574e-01
1dtLkVmSqtc 1 1 0.95 9.375686e-01
-KMioe2JwBE 1 1 0.35 9.354686e-01
-K4hB7LCz_M 1 1 0.27 9.332653e-01
0F5dZUj7SKE 1 1 0.94 9.324468e-01
0CXPF1jl_Lw 1 1 0.88 9.180010e-01
3u2VMvBRDZs 1 1 0.97 9.132078e-01
1KTGEaqBm2c 1 1 0.95 9.122618e-01
0276tzdXxgk 1 1 0.93 9.107213e-01
4tvR8ku1SI0 1 1 0.96 9.019311e-01
0rIuhd4sCRg 1 1 0.96 9.006664e-01
5hXiJJwXc3o 1 1 0.95 8.813167e-01
4hyR6kgcBnE 1 1 0.86 8.780475e-01
3pqyXX9KdHY 1 1 0.63 8.770010e-01
0XEyBKELKI0 1 1 0.94 8.634513e-01
0QweaoZDeQ4 1 1 0.86 8.541575e-01
4ZeYfPAAHl0 1 1 0.27 8.386404e-01
3wCt5_px63Y 1 1 0.88 8.371740e-01
4vJr4ftm8Ro 1 1 0.95 8.316774e-01
-TZncDf7ENs 1 1 0.94 8.277349e-01
50xs45jTxPc 1 1 0.9 8.137129e-01
4yR7RnhQ3zI 1 1 0.83 8.125995e-01
5jWlH_ZewlA 1 1 0.97 7.906517e-01
53b5VJjIWOU 0 1 0.11 7.721410e-01
4qBq47yL8vA 1 1 0.95 7.675161e-01
3sNm7F1Rb3U 1 1 0.94 7.654201e-01
1C1uEugmodk 1 1 0.92 7.621378e-01
4gY3faaPj_k 1 1 0.97 7.603793e-01
-kdahZGrC7k 1 1 0.95 7.559002e-01
4z5aBO_ql5o 1 1 0.95 7.230895e-01
1u88HrLz_k4 1 1 0.47 7.201006e-01
1VDIYqIDuhI 1 1 0.93 7.150613e-01
1BG0ut3-Dps 1 1 0.94 7.097914e-01
0RosoZRG_RM 1 1 0.93 7.085461e-01
5Cj8K3OzKfc 1 1 0.83 7.057167e-01
-sIuewUzPoE 1 1 0.99 6.910706e-01
-IByByzFDyQ 1 1 0.95 6.909161e-01
5VVQqhCFW-4 1 1 0.96 6.899944e-01
555HdQHE3j4 1 1 0.97 6.885087e-01
4qsADJ0pmxM 1 1 0.44 6.688264e-01
1S9aybZaqkE 1 1 0.97 6.676296e-01
4Zbmyk4raZY 1 1 0.85 6.594861e-01
1--IBh1NhIk 1 1 0.96 6.524646e-01
0e8dQCtnWBQ 1 1 0.96 6.357918e-01
4ggpqFQ-4dY 0 1 0.12 6.242922e-01
1GqfsNyJhVg 1 1 0.96 6.188171e-01
51b2PbXOc4s 1 1 0.78 5.961200e-01
43U4OIyFaYM 1 1 0.96 5.731932e-01
5eRUm-6549I 1 1 0.92 5.726074e-01
-l1eGa3VCcw 1 1 0.94 5.641930e-01
4B3BDXa_VGY 1 1 0.96 5.517259e-01
4wSUnjlW35Y 1 1 0.84 5.445212e-01
5cQR_hNLZs4 1 1 0.93 5.407816e-01
1Oc7QOnOU6k 1 1 0.81 5.280707e-01
1FP3z5oetdQ 1 1 0.46 5.224715e-01
4TL9BKfuqJ0 1 1 0.95 5.187418e-01
4Wk8kYxvD8Q 1 1 0.91 5.186831e-01
0j4Yj6AWHi0 1 0 0.92 5.000000e-01
1aiVdge_vd8 1 0 0.58 5.000000e-01
1erKh-yl0Ng 1 0 0.96 4.940991e-01
-KBYMG0ogFA 1 0 0.53 4.756500e-01
1EdbDSHHXKM 1 0 0.5 4.681035e-01
3nv4cporQ5o 1 0 0.89 4.540458e-01
04liAs0D358 1 0 0.96 4.520999e-01
1rTBJJZWgk4 0 0 0.22 4.513992e-01
0YByiOReG8E 1 0 0.95 4.510160e-01
1EQ_2MPdqYs 0 0 0.03 4.202692e-01
4uXBcDPQk8w 0 0 0.26 4.066283e-01
5Rln_fPIBYs 0 0 0.1 4.029335e-01
15MSK5Nv16k 0 0 0.43 3.941282e-01
42zdZwia7zE 1 0 0.92 3.902580e-01
-_NlReHSyZ4 1 0 0.38 3.854247e-01
1mjoo_XQVZI 0 0 0.24 3.824783e-01
43ac7z1GvpI 0 0 0.12 3.823081e-01
1X6333AjlMs 1 0 0.96 3.776556e-01
-GulHMmrt-o 0 0 0.17 3.773157e-01
4NlUzXHDVOE 0 0 0.19 3.746870e-01
49wCa7kPUfA 0 0 0.1 3.708598e-01
5ip2qhQy6w8 1 0 0.95 3.687426e-01
41NKQFiPWS4 0 0 0.1 3.663641e-01
1DMqa2jDpqA 1 0 0.96 3.630886e-01
0uTBxpgJJuI 0 0 0.09 3.611600e-01
-wnhmxNlhXE 0 0 0.12 3.501907e-01
0SgEB3BCvGA 1 0 0.61 3.492468e-01
5iM2Ob_Eaec 0 0 0.01 3.483086e-01
0QLovZrWLvY 1 0 0.82 3.438821e-01
-TSK5P5OZOM 0 0 0.16 3.383900e-01
4dEmcbbe_YY 1 0 0.9 3.337388e-01
1vBN_rntrpk 1 0 0.93 3.314776e-01
1xHaYAk4_1A 0 0 0.07 3.282082e-01
5kDUMLnSyp4 0 0 0.26 3.202183e-01
-Vif0do57AQ 1 0 0.93 3.155037e-01
-HUkS8zNuuI 1 0 0.73 3.152592e-01
0Nb45QzPOmk 1 0 0.91 3.141623e-01
0I0T-JENkhg 1 0 0.26 3.097102e-01
0RAHikS9fvQ 1 0 0.92 3.095231e-01
-k9a8MS8g0g 0 0 0.2 3.040579e-01
4FsWN72u7PY 0 0 0.13 3.007189e-01
16mW_ij3jSY 1 0 0.82 2.941589e-01
1nOEO3qlea0 1 0 0.9 2.851512e-01
3lqtGGv6JRw 0 0 0.07 2.795513e-01
3lsFCcZM46k 0 0 0.13 2.793369e-01
0R2vlCPga04 0 0 0.21 2.744292e-01
5DT3BGNdlYM 0 0 0.25 2.739928e-01
1vCnPYalC5k 1 0 0.77 2.701045e-01
4A8793H627I 1 0 0.51 2.685363e-01
-Ji3RM-lTaU 0 0 0.1 2.628949e-01
0RbuY3CskEU 0 0 0.08 2.573650e-01
-mrg30x9fDQ 1 0 0.77 2.523191e-01
0qCD3Jdw_ys 0 0 0.09 2.517525e-01
4bqYemOSlvY 1 0 0.84 2.507713e-01
5KXICXmKpZc 0 0 0.1 2.478841e-01
3st3MlL2vbY 0 0 0.07 2.469875e-01
40MwwJyIpy4 1 0 0.97 2.439293e-01
5Z94lx53hx8 1 0 0.91 2.413318e-01
10Vd5F_ooXU 0 0 0.13 2.385050e-01
5MMNiyLpyow 1 0 0.97 2.367639e-01
1WF8FMitboA 0 0 0.18 2.360710e-01
1GwFBPb8SX8 1 0 0.89 2.357051e-01
-HlRKWK9clo 0 0 0.14 2.344404e-01
4CHZeVizxcs 0 0 0.1 2.340626e-01
-LJYa2YIdLk 0 0 0.09 2.327352e-01
4rZ907xLb_U 0 0 0.15 2.292654e-01
3qxfZZb9Jz4 0 0 0.17 2.267934e-01
0kNYQ20gFjM 0 0 0.23 2.263176e-01
47T1YHJ16a8 1 0 0.67 2.243396e-01
4gt4BYxY2wg 1 0 0.89 2.215400e-01
4boGRpL0OwI 1 0 0.91 2.196032e-01
4KIG86cHnNw 0 0 0.02 2.187934e-01
5dUUq1VFf1k 1 0 0.91 2.179909e-01
-PPxVQvJHqw 1 0 0.85 2.176861e-01
3mZ8HfxY8KY 1 0 0.82 2.117438e-01
4AJPMarIzqc 0 0 0.14 2.028115e-01
-KyJApAwKug 0 0 0.12 2.019816e-01
51-EIHS-KpE 0 0 0.13 1.953018e-01
1Yje_lnKDHc 1 0 0.46 1.946311e-01
0GYhYV0lIgM 1 0 0.87 1.931302e-01
1c7ddH8_OY4 1 0 0.8 1.896572e-01
5-YHieEhdT4 0 0 0.12 1.884277e-01
-qoBKqFZXME 0 0 0.14 1.857991e-01
5jvIRPG0pXI 1 0 0.81 1.837692e-01
1tlPk2-OX0A 0 0 0.14 1.800442e-01
0cYa-dZzlEo 0 0 0.09 1.793154e-01
5NF3zOxikqg 0 0 0.11 1.788216e-01
-l38EuwPz_o 0 0 0.16 1.739252e-01
53fvufynmVY 0 0 0.06 1.723782e-01
3r4CvYo6tWM 0 0 0.17 1.707031e-01
3wwdOUMQ-cQ 1 0 0.95 1.637400e-01
-_ZKKDqRQvQ 0 0 0.19 1.633887e-01
1rc0JB7AHi0 0 0 0.18 1.625715e-01
4Bu8JSnrHPM 0 0 0.08 1.619941e-01
48VkqmoSTgY 0 0 0.1 1.591395e-01
4sZ9c-H54mU 0 0 0.16 1.587852e-01
-Lfhpm1GDmA 0 0 0.21 1.560375e-01
5aw_ICo5Deg 0 0 0.09 1.550961e-01
4eBu6ennrLE 0 0 0.11 1.537029e-01
5_JvLWbN9so 0 0 0.1 1.526122e-01
5eU0dxNcJ_A 0 0 0.09 1.517387e-01
040qf3RJ0kw 0 0 0.1 1.517051e-01
0S_yZerJKr8 1 0 0.79 1.487218e-01
0OrvLqmlhEY 1 0 0.89 1.475209e-01
1heI9Qj9dl0 1 0 0.91 1.470045e-01
55AHzTR_i2k 0 0 0.19 1.439325e-01
5KA1TLCl8Vc 0 0 0.22 1.426809e-01
4TT61PQ0eB8 0 0 0.22 1.417519e-01
-L6-i9rkW6Q 0 0 0.28 1.407230e-01
1rc0YmHCO0g 1 0 0.91 1.406205e-01
1T1Mtw5pn4Q 1 0 0.64 1.401381e-01
-lE3PMRuOck 0 0 0.04 1.395366e-01
3y1PnXLbibw 0 0 0.21 1.390721e-01
1tPQkymCaig 0 0 0.08 1.386647e-01
4DHEKpzD2YU 1 0 0.97 1.380657e-01
4-nOnb56gSg 0 0 0.2 1.368789e-01
0pwtpPm-uxU 0 0 0.15 1.368383e-01
-z6JfzkJuCM 0 0 0.11 1.349517e-01
4-xQGlipgCs 0 0 0.2 1.323641e-01
4E050kdAj3o 1 0 0.81 1.311861e-01
4T2Ka5cH7CE 1 0 0.68 1.289843e-01
5asyMt9Upfk 0 0 0.16 1.274035e-01
1WO9GU2_RkI 0 0 0.06 1.244890e-01
1uVHrhWcOag 0 0 0.11 1.225971e-01
-ZHTdGqEqSY 0 0 0.15 1.219201e-01
5EmzbJXWhEo 0 0 0.1 1.187321e-01
0LkC2cE7LXQ 0 0 0.06 1.127936e-01
1fzHD46wRwo 0 0 0.25 1.124445e-01
0mTAQI7w8sc 0 0 0.07 1.119133e-01
5HOIjy-lMYQ 0 0 0.16 1.108378e-01
1HSvIXFg9GU 0 0 0.01 1.082004e-01
10eF2Y1vtSU 0 0 0.09 1.067970e-01
4GWSzPYLtRc 0 0 0.14 1.065091e-01
4kwIQKP4FH0 0 0 0.07 1.062638e-01
1eJgWtyh6gs 0 0 0.08 1.049029e-01
1LaJwL9hbIk 0 0 0.14 1.047615e-01
15YWLcStacI 0 0 0.1 1.020672e-01
0rh581E2L10 0 0 0.15 1.005116e-01
4FUhj80606E 0 0 0.3 9.994918e-02
0U2VusI6ZoU 0 0 0.27 9.986703e-02
0oLlm3K6B6s 0 0 0.06 9.858716e-02
3xzA0_48Oag 0 0 0.08 9.764329e-02
-xZiKi1JCfU 0 0 0.07 9.763187e-02
-vmZoo8j-AM 0 0 0.19 9.635423e-02
16EYRx8Xjz4 0 0 0.04 9.628732e-02
4ZB44ewdXz0 1 0 0.96 9.615080e-02
0EwtL2yr0y8 0 0 0.19 9.595792e-02
1Y-81NlDroA 0 0 0.07 9.554826e-02
4fAeA-6p3J4 0 0 0.12 9.281805e-02
1-7eYsFYZRQ 0 0 0.25 9.043878e-02
1GR63Uu55dM 0 0 0.15 9.018075e-02
55QYOWgSe5o 0 0 0.13 8.995932e-02
-RLHh9xmWOk 0 0 0.08 8.867060e-02
5Og7NM5f3P8 0 0 0.05 8.862289e-02
4AdZhiQ2OrE 0 0 0.18 8.791885e-02
-l51YfJQUyk 1 0 0.22 8.671752e-02
1GmLltOvrvw 0 0 0.15 8.643564e-02
3vTCMGkcYqY 0 0 0.08 8.617245e-02
5LL8ktVpW1o 1 0 0.81 8.491944e-02
43YMjaK5G80 0 0 0.13 8.321688e-02
-il6LgZdrjk 0 0 0.06 8.321240e-02
03OSTDJYfRc 1 0 0.86 8.018002e-02
5G9oWmwz748 0 0 0.07 8.012755e-02
4vcgZXnfMGk 0 0 0.22 8.008176e-02
4-rk82sZNJo 0 0 0.05 7.936963e-02
-gruAlxQu2M 0 0 0.25 7.739343e-02
5Feyp5jr5rg 0 0 0.05 7.673985e-02
4UEu2WkMNjQ 0 0 0.16 7.648170e-02
56D6pZHezSk 0 0 0.05 7.471405e-02
1szFX8polKo 0 0 0.22 7.322966e-02
1_bgKeogKe4 0 0 0.17 7.315475e-02
-l6eSOvKgEw 0 0 0.39 7.301537e-02
08e5rB2zFPQ 0 0 0.05 7.291876e-02
0uMotNq_0Hs 0 0 0.08 7.253331e-02
0SBHkS5ho3M 0 0 0.09 7.188146e-02
0kIDeKrPBUU 0 0 0.16 7.181653e-02
-hpHjpbUrMs 0 0 0.04 7.103798e-02
-tqFKio99ho 1 0 0.87 7.079381e-02
4rW4rp54xyA 0 0 0.05 7.040974e-02
03W_dNb7JLs 0 0 0.13 7.009923e-02
5Ha1thvsfeU 0 0 0.06 6.909609e-02
-uuDiQU1wOM 1 0 0.89 6.867973e-02
-ltzj95e68M 0 0 0.04 6.775113e-02
5NIGy3JWZiM 0 0 0.09 6.728315e-02
1fjm4EFOck0 0 0 0.11 6.727859e-02
3nQzbKPkmJk 1 0 0.6 6.647930e-02
02mpJUpG0TI 0 0 0.17 6.502793e-02
4sMbu2Pr6xA 1 0 0.79 6.467790e-02
5FY1SJSxbOg 1 0 0.88 6.447486e-02
0TmXTuJA2gE 0 0 0.09 6.433311e-02
56Dbp9JCxbE 0 0 0.11 6.332167e-02
0ZkZhR7F7Lo 1 0 0.74 6.291221e-02
1qTRhb3Wd8c 0 0 0.1 6.271912e-02
0lUicrX8hu4 1 0 0.9 6.197032e-02
13JGk2W9qvw 0 0 0.16 6.193598e-02
0wGQgwMBfcA 0 0 0.1 6.189476e-02
4DT1hrO78lc 0 0 0.12 6.186163e-02
5FvSv-IE6Tc 0 0 0.06 6.174959e-02
5g8ay9J2ayI 0 0 0.08 6.141752e-02
1PnSatLeG0s 0 0 0.14 6.131586e-02
-QdiNtL6JwQ 1 0 0.93 6.112272e-02
0Tv4Bcxvg0I 0 0 0.09 6.095294e-02
1sEURubw07c 0 0 0.11 6.086305e-02
4qqwA9HdASg 0 0 0.24 6.080171e-02
03ZBMuALda0 0 0 0.1 6.077729e-02
1TeWQFee-bM 0 0 0.13 6.033243e-02
13v1xtWtueo 0 0 0.11 6.027982e-02
01hi-bIJI0Y 1 0 0.41 6.024599e-02
-WJwnl2T_4Q 0 0 0.25 5.980034e-02
5-VyMa3qYKs 0 0 0.06 5.891683e-02
1MopV-J2KoA 0 0 0.06 5.876029e-02
-Kmr0E3lNoA 0 0 0.32 5.797040e-02
-MUM3XyqEFg 0 0 0.11 5.790592e-02
4tmV8OLquf0 0 0 0.22 5.612922e-02
53a_8hJh-tA 1 0 0.79 5.502943e-02
5hONeYrHLg8 0 0 0.14 5.488707e-02
5YTQCkuJIbc 0 0 0.26 5.470136e-02
0LkBOWLX83w 0 0 0.16 5.465224e-02
1MNWQB9jrRs 0 0 0.21 5.431309e-02
4e_-W453Kys 0 0 0.05 5.423048e-02
-miQHtfAWI0 1 0 0.43 5.421647e-02
4Hy36KsEpeI 0 0 0.16 5.382978e-02
0o6J-2USwwE 0 0 0.14 5.353535e-02
42rzULyT67A 0 0 0.11 5.342696e-02
0NdRoZh-2zU 0 0 0.09 5.339686e-02
-Ms77NxhSFE 0 0 0.12 5.183326e-02
0IPZHPr-EtQ 0 0 0.04 5.179494e-02
4f99RLGDTEs 0 0 0.1 5.144728e-02
48Si6W1aVXg 0 0 0.11 5.126830e-02
0fjJyRfA3W8 0 0 0.16 4.984779e-02
552JFboN8QU 0 0 0.12 4.948030e-02
-eMJy35xy9U 0 0 0.13 4.915421e-02
-SNs9Wkk9Us 1 0 0.87 4.890170e-02
-kPG1z_pFDk 0 0 0.06 4.873019e-02
-mX0pMDmZhQ 0 0 0.28 4.848558e-02
5Zs5h0VkNgs 0 0 0.09 4.840719e-02
1eTXKB8ecm4 0 0 0.13 4.809214e-02
1fkOYUKtQyI 0 0 0.13 4.776934e-02
11dArtopIbw 0 0 0.15 4.627606e-02
4-OxtLvke7E 0 0 0.18 4.364731e-02
5PBhEQQcUeg 0 0 0.11 4.352990e-02
07cyOPE9t4A 0 0 0.06 4.342227e-02
1jm-VEgQYH8 0 0 0.06 4.335493e-02
3uHbEfH2Ezs 0 0 0.13 4.304595e-02
0vd5DX-LPmc 0 0 0.28 4.297352e-02
-jRgxRLkTIA 0 0 0.09 4.190093e-02
-lCErNwhLbg 0 0 0.19 4.162396e-02
0eUrJ0Z28LI 0 0 0.08 4.113910e-02
-ix4wo72Gy0 0 0 0.09 4.023610e-02
4jIzY8xz-1I 0 0 0.01 4.012278e-02
3uKTmbhhxFM 0 0 0.08 4.006051e-02
5d52KIzJ_gE 0 0 0.14 4.001839e-02
5OsPG3rjb1U 0 0 0.17 3.929563e-02
-R50rxfghjg 0 0 0.13 3.801802e-02
1QawHxCZQ9g 0 0 0.1 3.800584e-02
1W42V_boVcI 0 0 0.06 3.767498e-02
-vqHOULV0iU 0 0 0.06 3.754755e-02
0BeFeDU7RK0 0 0 0.11 3.689198e-02
-mxGH7o1thM 1 0 0.96 3.686516e-02
11d_QiocQqg 1 0 0.54 3.666328e-02
5SwHJnHHOk8 0 0 0.12 3.610209e-02
-u9Rs3bvXOk 0 0 0.06 3.543879e-02
1kK2_lpHaEE 0 0 0.13 3.460548e-02
0mdRYnaSB1Y 0 0 0.19 3.382840e-02
1tYoC0J8058 0 0 0.06 3.287098e-02
3n5FA0jseMw 0 0 0.32 3.247328e-02
1wBYmhN0Uqc 0 0 0.03 3.247128e-02
5Na80JHngzc 0 0 0.05 3.227266e-02
4Yi9tMSEGh8 0 0 0.18 3.217304e-02
4Aqz1W3QC08 0 0 0.07 3.202791e-02
4HTQXdEUsO4 0 0 0.04 3.198133e-02
0YytkZJx-VE 0 0 0.17 3.182738e-02
-yjHK_imtKw 0 0 0.17 3.170848e-02
4qqST8BqJ9s 0 0 0.2 3.167628e-02
-MpxXh4TGyg 0 0 0.07 3.142535e-02
0krhPX4fjqY 0 0 0.22 3.129219e-02
4AtTz8uD0hU 0 0 0.05 3.096260e-02
41NJZqvGUZM 0 0 0.04 3.048825e-02
1VoNKxGhiUk 0 0 0.09 3.034975e-02
16gPtbkbvAQ 0 0 0.09 3.006114e-02
00KeOQP3F4A 0 0 0.1 2.991392e-02
5czVWjGOXFY 0 0 0.03 2.965991e-02
4-6OUHdonjU 0 0 0.06 2.951224e-02
0Ec9GyJAEjY 0 0 0.29 2.950681e-02
-qFg_TAe9H0 0 0 0.13 2.929444e-02
-_h8Cnmx7rA 0 0 0.08 2.925763e-02
1nvyJZv9pk8 0 0 0.01 2.907598e-02
00b6k17zCTw 0 0 0.11 2.890295e-02
-yXCNmqGQ0M 0 0 0.16 2.841716e-02
0EX1twiwKVU 0 0 0.05 2.840003e-02
-MC21SfN7JQ 0 0 0.1 2.829171e-02
3p03pWB7Nfk 0 0 0.1 2.793423e-02
4zZgZp0HuB0 0 0 0.19 2.752457e-02
4K38i8cQ2Ok 0 0 0.06 2.679536e-02
47P0Fy-DYnI 0 0 0.06 2.657889e-02
0PqXAWG-SF0 0 0 0.11 2.649008e-02
0QGtPTzwZi8 0 0 0.17 2.627352e-02
4N2ePx-jhfc 0 0 0.11 2.608602e-02
4zZuvq3GLe4 0 0 0.08 2.524462e-02
-L3v8-poBa4 0 0 0.09 2.504839e-02
09TB9IoSpXQ 0 0 0.08 2.465351e-02
01Tn0Fvc1bA 0 0 0.05 2.439034e-02
3rbg8mdOHlE 0 0 0.03 2.379867e-02
4wOU_IjpXrI 0 0 0.13 2.370353e-02
3sJ6EDrvILw 0 0 0.05 2.369928e-02
5YegKcusCZY 0 0 0.09 2.366839e-02
4huGwAxwOl8 0 0 0.1 2.356072e-02
4w_XPQq-4sA 0 0 0.07 2.353015e-02
03FF1Sz53YU 0 0 0.08 2.328168e-02
41stW8wFb1g 0 0 0.07 2.313020e-02
17pdZNQSr1c 0 0 0.03 2.219436e-02
1c8axb3BuYQ 0 0 0.09 2.182085e-02
42D6R8Es3sI 0 0 0.12 2.174284e-02
-_wOEpl15YU 0 0 0.08 2.153618e-02
1QLKbPg0DOw 1 0 0.87 2.137671e-02
092BG73R0ak 0 0 0.1 2.096876e-02
3zh_Jijhwsg 0 0 0.07 2.095440e-02
44wyEoU_uQQ 0 0 0.04 2.091956e-02
10IQS2X6DQo 0 0 0.07 2.080697e-02
-qS8FbH1TT8 0 0 0.09 2.070556e-02
5PKh_veiSk8 0 0 0.03 2.057251e-02
-YwWgR1m8_Y 0 0 0.05 2.054432e-02
-MNcDq1dw7M 0 0 0.25 2.034147e-02
-sf8idyg5CM 0 0 0.1 2.020799e-02
4ynyIk76f44 0 0 0.14 2.014096e-02
5VRr4q5Ay-E 0 0 0.13 1.962752e-02
13w-Autf9E0 0 0 0.09 1.905974e-02
5Jpkz0wWC58 0 0 0.2 1.880302e-02
0KR4T_B02FM 0 0 0.12 1.861572e-02
0c3EDq4VzRY 0 0 0.08 1.852250e-02
4O3KMph3sGI 0 0 0.19 1.837956e-02
52cdhl5xrd0 0 0 0.05 1.766908e-02
5acGSsTALyE 0 0 0.13 1.757093e-02
1pAWjZmIoJE 0 0 0.08 1.723307e-02
55KSDnO2C7k 0 0 0.05 1.679258e-02
1o1SsjxXRic 0 0 0.05 1.664549e-02
10JM_YStYpw 0 0 0.11 1.655207e-02
4pL08UrfewI 0 0 0.13 1.641081e-02
-0n50a7seNI 0 0 0.11 1.571440e-02
5CNtVGHdXT4 0 0 0.1 1.564470e-02
4CgaTAi4nqI 0 0 0.07 1.554525e-02
-U4i44fVZJE 0 0 0.1 1.546367e-02
5ji8HPmVa-4 0 0 0.11 1.523055e-02
1UOyF1IFalA 0 0 0.13 1.517080e-02
3tvkEyPXZmg 0 0 0.12 1.493056e-02
1UMaCbZx3Ag 0 0 0.13 1.479200e-02
4hqg0XEyrPQ 0 0 0.03 1.426254e-02
43ktQ_KevUI 0 0 0.16 1.405790e-02
4w06G6-A2wE 0 0 0.08 1.396379e-02
-pPSM_rMu2k 1 0 0.25 1.377620e-02
5K7yt36R04w 0 0 0.06 1.377540e-02
3wpEAM9W7y4 0 0 0.29 1.373169e-02
1bgJ0OwlKV8 0 0 0.11 1.355631e-02
1HkloCaFwyo 0 0 0.13 1.299681e-02
1ptvHLoDv10 0 0 0.12 1.280339e-02
-YeuVmchu-M 0 0 0.2 1.237489e-02
-PuJSys8oMk 0 0 0.06 1.212722e-02
5BUSnX3g-EM 0 0 0.13 1.208636e-02
4V0VOawQ5dg 0 0 0.07 1.207951e-02
1Eb0pg65f3s 0 0 0.32 1.155879e-02
-TYedWQk1oE 0 0 0.08 1.121406e-02
0FVTdhNmjM0 0 0 0.14 1.061643e-02
-jj2nXYoFYE 0 0 0.17 1.029623e-02
5QFKdgZFmyw 0 0 0.16 1.019751e-02
-UIxNxlvapk 0 0 0.05 9.526767e-03
4U97-jCnWUc 0 0 0.11 9.254096e-03
3mW29k5qTZM 0 0 0.16 8.717268e-03
116IZnYNzx4 0 0 0.11 8.148057e-03
3ogSC8TdIxQ 1 0 0.53 7.600026e-03
1wOj7xTYj5U 0 0 0.13 7.317153e-03
52JVAhy3FWE 0 0 0.08 6.972165e-03
46fVxPS0n2c 0 0 0.09 6.848842e-03
16PCLyl_H48 0 0 0.15 6.320095e-03
4aTkHVdoqkw 0 0 0.25 6.159215e-03
48grDvwpfOM 1 0 0.84 6.130850e-03
-m6ac6w-r3o 0 0 0.09 6.079674e-03
-pPfQ3hd6oA 0 0 0.11 6.026150e-03
41UaPRP4SNc 0 0 0.03 5.841849e-03
19IeCfVdkDM 0 0 0.13 5.263340e-03
1uL25kL7jHw 0 0 0.1 5.094903e-03
5QSH4TuOcb0 0 0 0.09 4.955363e-03
5b-nhaF7Ga0 0 0 0.15 4.402017e-03
-JNXp8A55s8 0 0 0.05 3.522230e-03
3pOGUKrMseg 0 0 0.18 3.266560e-03
0yT5fffr4kg 0 0 0.13 2.079756e-03
5KJvO3BkcXE 0 0 0.1 1.461458e-03
4zTezvXow6w 0 0 0.09 1.273129e-03
