55KSDnO2C7k 1 1 0.94 9.970179e-01
41UaPRP4SNc 1 1 0.89 9.901219e-01
-PuJSys8oMk 1 1 0.89 9.859996e-01
-pPfQ3hd6oA 1 1 0.72 9.855768e-01
-u9Rs3bvXOk 1 1 0.9 9.846674e-01
-L3v8-poBa4 1 1 0.95 9.782183e-01
0TmXTuJA2gE 1 1 0.96 9.766091e-01
44wyEoU_uQQ 1 1 0.93 9.759451e-01
5Og7NM5f3P8 1 1 0.82 9.706694e-01
3sJ6EDrvILw 1 1 0.9 9.701925e-01
5Na80JHngzc 1 1 0.92 9.695106e-01
0PqXAWG-SF0 1 1 0.88 9.692919e-01
5CNtVGHdXT4 1 1 0.9 9.657091e-01
10IQS2X6DQo 1 1 0.93 9.645743e-01
5eU0dxNcJ_A 1 1 0.95 9.643063e-01
3p03pWB7Nfk 1 1 0.84 9.639633e-01
4HTQXdEUsO4 1 1 0.95 9.632778e-01
0fjJyRfA3W8 1 1 0.93 9.628392e-01
4GWSzPYLtRc 1 1 0.87 9.621882e-01
0Tv4Bcxvg0I 1 1 0.92 9.617889e-01
1wBYmhN0Uqc 1 1 0.92 9.615913e-01
17pdZNQSr1c 1 1 0.88 9.608612e-01
5PKh_veiSk8 1 1 0.93 9.591572e-01
0cYa-dZzlEo 1 1 0.89 9.588287e-01
00KeOQP3F4A 1 1 0.87 9.556623e-01
-xZiKi1JCfU 1 1 0.9 9.553335e-01
4jIzY8xz-1I 1 1 0.92 9.547184e-01
-eMJy35xy9U 1 1 0.92 9.525861e-01
-_h8Cnmx7rA 1 1 0.95 9.523037e-01
10JM_YStYpw 1 1 0.83 9.522124e-01
-sf8idyg5CM 1 1 0.94 9.518641e-01
56D6pZHezSk 1 1 0.95 9.508703e-01
1HSvIXFg9GU 1 1 0.88 9.499334e-01
1nvyJZv9pk8 1 1 0.93 9.487539e-01
1QawHxCZQ9g 1 1 0.87 9.470151e-01
-TYedWQk1oE 1 1 0.95 9.461626e-01
41stW8wFb1g 1 1 0.92 9.453798e-01
-m6ac6w-r3o 1 1 0.97 9.452042e-01
1fjm4EFOck0 1 1 0.97 9.449444e-01
4pL08UrfewI 1 1 0.78 9.416699e-01
10eF2Y1vtSU 1 1 0.87 9.393308e-01
-_wOEpl15YU 1 1 0.93 9.367515e-01
1jm-VEgQYH8 1 1 0.84 9.351060e-01
0IPZHPr-EtQ 1 1 0.94 9.331802e-01
1eTXKB8ecm4 1 1 0.9 9.329174e-01
-Ji3RM-lTaU 1 1 0.92 9.324460e-01
52cdhl5xrd0 1 1 0.85 9.323972e-01
16EYRx8Xjz4 1 1 0.92 9.322969e-01
0kNYQ20gFjM 1 1 0.86 9.321315e-01
1VoNKxGhiUk 1 1 0.95 9.296895e-01
3uKTmbhhxFM 1 1 0.93 9.289893e-01
13w-Autf9E0 1 1 0.94 9.288317e-01
0SBHkS5ho3M 1 1 0.94 9.265115e-01
48Si6W1aVXg 1 1 0.94 9.237571e-01
1MopV-J2KoA 1 1 0.96 9.231956e-01
55QYOWgSe5o 1 1 0.94 9.222757e-01
4w06G6-A2wE 1 1 0.94 9.214805e-01
03W_dNb7JLs 1 1 0.87 9.204011e-01
0c3EDq4VzRY 1 1 0.94 9.193829e-01
-qFg_TAe9H0 1 1 0.91 9.177955e-01
040qf3RJ0kw 1 1 0.93 9.157529e-01
-MpxXh4TGyg 1 1 0.94 9.152700e-01
43ac7z1GvpI 1 1 0.95 9.123026e-01
4hqg0XEyrPQ 1 1 0.88 9.121369e-01
4AtTz8uD0hU 1 1 0.89 9.090125e-01
1eJgWtyh6gs 1 1 0.95 9.088477e-01
-il6LgZdrjk 1 1 0.92 9.072475e-01
-ix4wo72Gy0 1 1 0.93 9.068323e-01
-GulHMmrt-o 1 1 0.9 9.065911e-01
4wSUnjlW35Y 0 1 0.29 9.059281e-01
5YegKcusCZY 1 1 0.88 9.039382e-01
0NdRoZh-2zU 1 1 0.93 8.962352e-01
5g8ay9J2ayI 1 1 0.93 8.887121e-01
0pwtpPm-uxU 1 1 0.89 8.860062e-01
4N2ePx-jhfc 1 1 0.92 8.858582e-01
0wGQgwMBfcA 1 1 0.87 8.834556e-01
3xzA0_48Oag 1 1 0.92 8.795096e-01
1Y-81NlDroA 1 1 0.95 8.765838e-01
1PnSatLeG0s 1 1 0.92 8.733473e-01
03FF1Sz53YU 1 1 0.95 8.725624e-01
-_ZKKDqRQvQ 1 1 0.84 8.722328e-01
4-rk82sZNJo 1 1 0.95 8.710298e-01
10Vd5F_ooXU 1 1 0.96 8.681361e-01
0krhPX4fjqY 1 1 0.63 8.681276e-01
5Ha1thvsfeU 1 1 0.78 8.675455e-01
5Feyp5jr5rg 1 1 0.93 8.646348e-01
-lE3PMRuOck 1 1 0.79 8.638756e-01
1WO9GU2_RkI 1 1 0.96 8.587057e-01
-kPG1z_pFDk 1 1 0.96 8.579569e-01
1wOj7xTYj5U 1 1 0.74 8.556231e-01
0LkC2cE7LXQ 1 1 0.9 8.524587e-01
-hpHjpbUrMs 1 1 0.93 8.509673e-01
03ZBMuALda0 1 1 0.93 8.485217e-01
5LL8ktVpW1o 0 1 0.41 8.449564e-01
5MMNiyLpyow 0 1 0.06 8.436568e-01
4Aqz1W3QC08 1 1 0.89 8.432388e-01
46fVxPS0n2c 1 1 0.76 8.427368e-01
3zh_Jijhwsg 1 1 0.88 8.417175e-01
1HkloCaFwyo 1 1 0.94 8.385123e-01
09TB9IoSpXQ 1 1 0.94 8.348530e-01
48VkqmoSTgY 1 1 0.92 8.300533e-01
5-VyMa3qYKs 1 1 0.9 8.280816e-01
1o1SsjxXRic 1 1 0.9 8.205837e-01
5czVWjGOXFY 1 1 0.94 8.180405e-01
0EX1twiwKVU 1 1 0.84 8.161718e-01
-ZHTdGqEqSY 1 1 0.93 8.148174e-01
3vTCMGkcYqY 1 1 0.97 8.096366e-01
4zZuvq3GLe4 1 1 0.91 8.021877e-01
3lqtGGv6JRw 1 1 0.93 7.981389e-01
5_JvLWbN9so 1 1 0.97 7.971287e-01
0e8dQCtnWBQ 0 1 0.12 7.958503e-01
5-YHieEhdT4 1 1 0.93 7.913190e-01
116IZnYNzx4 1 1 0.84 7.861833e-01
-WJwnl2T_4Q 1 1 0.69 7.768721e-01
-UIxNxlvapk 1 1 0.95 7.695335e-01
53fvufynmVY 1 1 0.93 7.629660e-01
0mdRYnaSB1Y 1 1 0.84 7.613459e-01
4K38i8cQ2Ok 1 1 0.86 7.609402e-01
1uL25kL7jHw 1 1 0.87 7.598260e-01
04liAs0D358 0 1 0.16 7.539195e-01
-miQHtfAWI0 0 1 0.76 7.514870e-01
-HlRKWK9clo 1 1 0.92 7.498530e-01
0Nb45QzPOmk 0 1 0.21 7.474413e-01
4kwIQKP4FH0 1 1 0.92 7.437240e-01
-LJYa2YIdLk 1 1 0.9 7.356525e-01
4eBu6ennrLE 1 1 0.94 7.299454e-01
5K7yt36R04w 1 1 0.88 7.292376e-01
5Zs5h0VkNgs 1 1 0.9 7.291331e-01
1u88HrLz_k4 0 1 0.39 7.251462e-01
-l38EuwPz_o 1 1 0.89 7.229706e-01
4-6OUHdonjU 1 1 0.83 7.207582e-01
0ZkZhR7F7Lo 0 1 0.23 7.186513e-01
5QSH4TuOcb0 1 1 0.97 7.076187e-01
0uMotNq_0Hs 1 1 0.89 7.072638e-01
1tYoC0J8058 1 1 0.95 7.017011e-01
1EQ_2MPdqYs 1 1 0.83 6.996427e-01
4gt4BYxY2wg 0 1 0.19 6.979605e-01
1uVHrhWcOag 1 1 0.92 6.912699e-01
1GqfsNyJhVg 0 1 0.14 6.867439e-01
3rbg8mdOHlE 1 1 0.85 6.852959e-01
4ggpqFQ-4dY 1 1 0.89 6.839831e-01
4Yi9tMSEGh8 1 1 0.8 6.802723e-01
1GmLltOvrvw 1 1 0.92 6.800421e-01
1tlPk2-OX0A 1 1 0.78 6.796263e-01
13JGk2W9qvw 1 1 0.82 6.792366e-01
56Dbp9JCxbE 1 1 0.88 6.742996e-01
5aw_ICo5Deg 1 1 0.82 6.727938e-01
07cyOPE9t4A 1 1 0.94 6.616047e-01
1vBN_rntrpk 0 1 0.11 6.534910e-01
5G9oWmwz748 1 1 0.93 6.345166e-01
4O3KMph3sGI 0 1 0.13 6.150840e-01
4-nOnb56gSg 1 1 0.84 6.086897e-01
4fAeA-6p3J4 1 1 0.92 6.012577e-01
5NIGy3JWZiM 1 1 0.9 5.961580e-01
4DHEKpzD2YU 0 1 0.09 5.961122e-01
3st3MlL2vbY 1 1 0.96 5.959936e-01
-KyJApAwKug 1 1 0.95 5.852824e-01
1xHaYAk4_1A 1 1 0.89 5.785876e-01
5NF3zOxikqg 1 1 0.91 5.785754e-01
-jRgxRLkTIA 1 1 0.97 5.774213e-01
1erKh-yl0Ng 0 1 0.11 5.710051e-01
4Bu8JSnrHPM 1 1 0.92 5.697929e-01
-wnhmxNlhXE 1 1 0.96 5.679276e-01
4UEu2WkMNjQ 1 1 0.95 5.678712e-01
-vqHOULV0iU 1 1 0.87 5.625527e-01
11d_QiocQqg 0 1 0.6 5.611850e-01
0qCD3Jdw_ys 1 1 0.9 5.559062e-01
4KIG86cHnNw 1 1 0.91 5.516020e-01
5dUUq1VFf1k 0 1 0.1 5.412395e-01
3qxfZZb9Jz4 1 1 0.87 5.394926e-01
5Rln_fPIBYs 1 1 0.7 5.377072e-01
1W42V_boVcI 1 1 0.97 5.342236e-01
4TL9BKfuqJ0 0 1 0.18 5.214167e-01
41NJZqvGUZM 1 1 0.79 5.173343e-01
42zdZwia7zE 0 1 0.22 5.052232e-01
-TZncDf7ENs 0 0 0.08 5.000000e-01
1aiVdge_vd8 0 0 0.31 5.000000e-01
-z6JfzkJuCM 1 0 0.87 4.679898e-01
1FP3z5oetdQ 0 0 0.27 4.670902e-01
1-7eYsFYZRQ 0 0 0.28 4.591139e-01
4qBq47yL8vA 0 0 0.1 4.502984e-01
5iM2Ob_Eaec 1 0 0.53 4.422443e-01
53b5VJjIWOU 1 0 0.95 4.310709e-01
-HUkS8zNuuI 0 0 0.23 4.258126e-01
1C1uEugmodk 0 0 0.05 4.188149e-01
1S9aybZaqkE 0 0 0.08 4.104044e-01
5Z94lx53hx8 0 0 0.09 3.978985e-01
-QdiNtL6JwQ 0 0 0.11 3.939866e-01
0eUrJ0Z28LI 1 0 0.89 3.842763e-01
-pPSM_rMu2k 0 0 0.23 3.776864e-01
4boGRpL0OwI 0 0 0.14 3.725345e-01
4dEmcbbe_YY 0 0 0.24 3.645789e-01
-IByByzFDyQ 0 0 0.09 3.596914e-01
4ZB44ewdXz0 0 0 0.16 3.563539e-01
1szFX8polKo 0 0 0.12 3.454869e-01
1pAWjZmIoJE 1 0 0.86 3.342412e-01
0S_yZerJKr8 0 0 0.08 3.339765e-01
4B3BDXa_VGY 0 0 0.14 3.231949e-01
1--IBh1NhIk 0 0 0.11 3.206540e-01
0U2VusI6ZoU 1 0 0.74 3.177087e-01
5ip2qhQy6w8 0 0 0.08 3.145150e-01
0rh581E2L10 0 0 0.09 3.090579e-01
50xs45jTxPc 0 0 0.18 3.038657e-01
3u2VMvBRDZs 0 0 0.08 2.967741e-01
16gPtbkbvAQ 0 0 0.09 2.966418e-01
-uuDiQU1wOM 0 0 0.17 2.921329e-01
5eRUm-6549I 0 0 0.07 2.892686e-01
3uHbEfH2Ezs 1 0 0.92 2.858589e-01
5EmzbJXWhEo 0 0 0.2 2.823969e-01
4DT1hrO78lc 1 0 0.78 2.821783e-01
1KTGEaqBm2c 0 0 0.14 2.820565e-01
15YWLcStacI 1 0 0.61 2.786553e-01
1tPQkymCaig 0 0 0.18 2.725157e-01
555HdQHE3j4 0 0 0.08 2.699763e-01
3wpEAM9W7y4 1 0 0.61 2.613108e-01
4rZ907xLb_U 1 0 0.9 2.600835e-01
5PBhEQQcUeg 1 0 0.63 2.571557e-01
3ogSC8TdIxQ 0 0 0.24 2.508286e-01
5asyMt9Upfk 0 0 0.13 2.447276e-01
4hyR6kgcBnE 0 0 0.22 2.430262e-01
19IeCfVdkDM 0 0 0.12 2.357681e-01
42D6R8Es3sI 0 0 0.12 2.329636e-01
0YByiOReG8E 0 0 0.17 2.325544e-01
0RbuY3CskEU 1 0 0.97 2.260221e-01
01hi-bIJI0Y 0 0 0.2 2.225186e-01
0I0T-JENkhg 0 0 0.09 2.175246e-01
0R2vlCPga04 0 0 0.18 2.142156e-01
1GR63Uu55dM 1 0 0.85 2.119873e-01
-lCErNwhLbg 0 0 0.12 2.088765e-01
-KBYMG0ogFA 0 0 0.14 2.055824e-01
-Vif0do57AQ 0 0 0.17 2.046369e-01
0j4Yj6AWHi0 0 0 0.16 1.948371e-01
-qS8FbH1TT8 1 0 0.87 1.921380e-01
4-xQGlipgCs 0 0 0.12 1.884064e-01
55AHzTR_i2k 1 0 0.8 1.849684e-01
092BG73R0ak 0 0 0.04 1.828837e-01
1EdbDSHHXKM 0 0 0.16 1.769208e-01
-tqFKio99ho 0 0 0.13 1.741572e-01
1BG0ut3-Dps 0 0 0.02 1.737630e-01
0LkBOWLX83w 1 0 0.75 1.730077e-01
1Oc7QOnOU6k 0 0 0.24 1.705780e-01
1c7ddH8_OY4 0 0 0.17 1.688043e-01
4vJr4ftm8Ro 0 0 0.12 1.664559e-01
41NKQFiPWS4 1 0 0.89 1.657581e-01
1WF8FMitboA 0 0 0.19 1.629205e-01
0QGtPTzwZi8 0 0 0.1 1.622105e-01
1UOyF1IFalA 0 0 0.09 1.566236e-01
5hONeYrHLg8 0 0 0.12 1.532078e-01
-yXCNmqGQ0M 0 0 0.41 1.526109e-01
1ptvHLoDv10 0 0 0.14 1.489705e-01
-mrg30x9fDQ 0 0 0.15 1.441749e-01
3mZ8HfxY8KY 0 0 0.16 1.361464e-01
15MSK5Nv16k 0 0 0.17 1.281046e-01
5b-nhaF7Ga0 0 0 0.1 1.279765e-01
48grDvwpfOM 0 0 0.37 1.276048e-01
4FUhj80606E 0 0 0.1 1.255593e-01
1QLKbPg0DOw 0 0 0.17 1.244897e-01
3wCt5_px63Y 0 0 0.07 1.233971e-01
0GYhYV0lIgM 0 0 0.16 1.224505e-01
4ZeYfPAAHl0 0 0 0.81 1.218952e-01
-l51YfJQUyk 0 0 0.25 1.215823e-01
-YwWgR1m8_Y 0 0 0.05 1.211923e-01
4CHZeVizxcs 1 0 0.94 1.198105e-01
0rIuhd4sCRg 0 0 0.14 1.197924e-01
16mW_ij3jSY 0 0 0.13 1.187372e-01
-sIuewUzPoE 0 0 0.05 1.159854e-01
5DT3BGNdlYM 0 0 0.29 1.154492e-01
4E050kdAj3o 0 0 0.18 1.146225e-01
-kdahZGrC7k 0 0 0.16 1.127915e-01
-l6eSOvKgEw 0 0 0.31 1.116663e-01
0uTBxpgJJuI 1 0 0.8 1.099638e-01
5FY1SJSxbOg 0 0 0.34 1.073642e-01
5hXiJJwXc3o 0 0 0.04 1.062538e-01
-k9a8MS8g0g 0 0 0.23 1.054823e-01
0XEyBKELKI0 0 0 0.12 1.006444e-01
3sNm7F1Rb3U 0 0 0.15 9.853384e-02
3y1PnXLbibw 0 0 0.25 9.523298e-02
0lUicrX8hu4 0 0 0.08 9.421391e-02
0kIDeKrPBUU 0 0 0.19 9.315085e-02
40MwwJyIpy4 0 0 0.05 8.903868e-02
4ZhVYKwS_hA 0 0 0.12 8.228956e-02
1X6333AjlMs 0 0 0.1 7.848794e-02
3pOGUKrMseg 0 0 0.15 7.794700e-02
1heI9Qj9dl0 0 0 0.19 7.749752e-02
4TT61PQ0eB8 0 0 0.2 7.580406e-02
-Ms77NxhSFE 0 0 0.09 7.406758e-02
0276tzdXxgk 0 0 0.07 7.397803e-02
1vCnPYalC5k 0 0 0.27 7.361900e-02
0RAHikS9fvQ 0 0 0.23 7.352313e-02
4T2Ka5cH7CE 0 0 0.19 7.046451e-02
5VRr4q5Ay-E 0 0 0.17 6.987613e-02
4A8793H627I 0 0 0.16 6.965924e-02
3n5FA0jseMw 0 0 0.26 6.592708e-02
4sZ9c-H54mU 0 0 0.11 6.191328e-02
3nQzbKPkmJk 0 0 0.15 6.187654e-02
1qTRhb3Wd8c 0 0 0.01 6.111267e-02
5SwHJnHHOk8 0 0 0.07 6.092957e-02
-_NlReHSyZ4 0 0 0.32 6.085574e-02
47T1YHJ16a8 0 0 0.33 6.057986e-02
01Tn0Fvc1bA 0 0 0.08 6.014760e-02
41_9GHoDy3Q 0 0 0.06 5.984353e-02
-vmZoo8j-AM 0 0 0.18 5.924567e-02
4e_-W453Kys 0 0 0.07 5.741771e-02
1rTBJJZWgk4 0 0 0.21 5.683532e-02
1DMqa2jDpqA 0 0 0.11 5.533708e-02
4sMbu2Pr6xA 0 0 0.14 5.526750e-02
4qsADJ0pmxM 0 0 0.69 5.486626e-02
-PPxVQvJHqw 0 0 0.13 5.260622e-02
4AdZhiQ2OrE 0 0 0.09 5.201646e-02
-TSK5P5OZOM 0 0 0.1 4.869942e-02
1VDIYqIDuhI 0 0 0.06 4.847341e-02
03OSTDJYfRc 0 0 0.13 4.818760e-02
0SgEB3BCvGA 0 0 0.18 4.790363e-02
1rc0JB7AHi0 0 0 0.15 4.602583e-02
1eDITCytUf8 0 0 0.07 4.561565e-02
4uXBcDPQk8w 0 0 0.22 4.410191e-02
0F5dZUj7SKE 0 0 0.07 4.408654e-02
-xFijZ1ubPg 0 0 0.17 4.230222e-02
4NlUzXHDVOE 0 0 0.26 4.220042e-02
-l1eGa3VCcw 0 0 0.12 4.186912e-02
4aTkHVdoqkw 0 0 0.24 4.160286e-02
42rzULyT67A 0 0 0.08 4.134134e-02
5kDUMLnSyp4 1 0 0.66 4.094800e-02
5acGSsTALyE 0 0 0.1 4.065108e-02
1rc0YmHCO0g 0 0 0.14 4.027474e-02
-U4i44fVZJE 0 0 0.03 4.015772e-02
0yT5fffr4kg 0 0 0.06 3.872921e-02
1sEURubw07c 0 0 0.04 3.605874e-02
1GwFBPb8SX8 0 0 0.12 3.396254e-02
0vd5DX-LPmc 0 0 0.16 3.300296e-02
1c8axb3BuYQ 0 0 0.13 3.098977e-02
4yR7RnhQ3zI 0 0 0.28 3.067956e-02
4z5aBO_ql5o 0 0 0.14 3.060556e-02
0QLovZrWLvY 0 0 0.14 3.054165e-02
4CgaTAi4nqI 0 0 0.03 3.034376e-02
4Wk8kYxvD8Q 0 0 0.12 3.009698e-02
0QweaoZDeQ4 0 0 0.24 3.005397e-02
-mX0pMDmZhQ 0 0 0.24 2.965534e-02
1_bgKeogKe4 0 0 0.11 2.908547e-02
0BeFeDU7RK0 0 0 0.07 2.907661e-02
-RLHh9xmWOk 0 0 0.02 2.883271e-02
53a_8hJh-tA 0 0 0.17 2.804546e-02
4Hy36KsEpeI 0 0 0.1 2.764380e-02
04NGq2WY4ME 0 0 0.11 2.752699e-02
1T1Mtw5pn4Q 0 0 0.24 2.752170e-02
1dtLkVmSqtc 0 0 0.12 2.745921e-02
1MNWQB9jrRs 0 0 0.2 2.675006e-02
0RosoZRG_RM 0 0 0.07 2.604982e-02
4zZgZp0HuB0 0 0 0.15 2.558430e-02
-MUM3XyqEFg 0 0 0.1 2.518892e-02
4zTezvXow6w 0 0 0.04 2.456143e-02
43U4OIyFaYM 0 0 0.11 2.397421e-02
51b2PbXOc4s 0 0 0.18 2.329543e-02
-gruAlxQu2M 0 0 0.31 2.283648e-02
4Zbmyk4raZY 0 0 0.13 2.229114e-02
4vcgZXnfMGk 0 0 0.16 2.191884e-02
-YeuVmchu-M 0 0 0.08 2.162184e-02
5jWlH_ZewlA 0 0 0.11 2.122500e-02
1Yje_lnKDHc 0 0 0.61 2.089563e-02
4rW4rp54xyA 1 0 0.25 2.042056e-02
1Eb0pg65f3s 0 0 0.26 1.971926e-02
4ynyIk76f44 0 0 0.11 1.959718e-02
0o6J-2USwwE 0 0 0.13 1.953855e-02
-Lfhpm1GDmA 0 0 0.12 1.919219e-02
1fkOYUKtQyI 0 0 0.07 1.855415e-02
08e5rB2zFPQ 0 0 0.12 1.841409e-02
0YytkZJx-VE 0 0 0.12 1.742632e-02
3wwdOUMQ-cQ 0 0 0.08 1.733283e-02
4FsWN72u7PY 0 0 0.08 1.705358e-02
-ltzj95e68M 0 0 0.02 1.699031e-02
-K4hB7LCz_M 0 0 0.76 1.670848e-02
-0n50a7seNI 0 0 0.09 1.644361e-02
43YMjaK5G80 0 0 0.43 1.616186e-02
5FvSv-IE6Tc 0 0 0.1 1.601884e-02
1nOEO3qlea0 0 0 0.19 1.572646e-02
1mjoo_XQVZI 0 0 0.2 1.557481e-02
47P0Fy-DYnI 0 0 0.06 1.537544e-02
5KJvO3BkcXE 0 0 0.07 1.534354e-02
4gY3faaPj_k 0 0 0.07 1.512951e-02
5HOIjy-lMYQ 0 0 0.15 1.510926e-02
552JFboN8QU 0 0 0.07 1.478840e-02
-yjHK_imtKw 0 0 0.24 1.467081e-02
4bqYemOSlvY 0 0 0.13 1.441468e-02
16PCLyl_H48 0 0 0.06 1.439544e-02
4U97-jCnWUc 0 0 0.03 1.372500e-02
13v1xtWtueo 0 0 0.03 1.303831e-02
1fzHD46wRwo 0 0 0.22 1.278848e-02
4tvR8ku1SI0 0 0 0.06 1.272100e-02
3tvkEyPXZmg 0 0 0.03 1.226545e-02
5cQR_hNLZs4 0 0 0.11 1.210454e-02
5YTQCkuJIbc 0 0 0.23 1.204637e-02
3lsFCcZM46k 0 0 0.12 1.158346e-02
4V0VOawQ5dg 0 0 0.02 1.156256e-02
-JNXp8A55s8 0 0 0.04 1.132315e-02
5VVQqhCFW-4 0 0 0.05 9.771922e-03
-R50rxfghjg 0 0 0.07 9.749117e-03
-MNcDq1dw7M 0 0 0.25 9.741803e-03
0FVTdhNmjM0 0 0 0.1 9.495621e-03
3pqyXX9KdHY 0 0 0.32 9.435050e-03
52JVAhy3FWE 0 0 0.07 8.805225e-03
4qqST8BqJ9s 0 0 0.12 8.500179e-03
1KBCFLAUIT0 0 0 0.17 8.461967e-03
1bgJ0OwlKV8 0 0 0.15 8.143006e-03
0KR4T_B02FM 0 0 0.09 8.085362e-03
0EwtL2yr0y8 0 0 0.16 7.835291e-03
1UMaCbZx3Ag 0 0 0.09 7.780247e-03
-SNs9Wkk9Us 0 0 0.09 7.752474e-03
3mW29k5qTZM 0 0 0.17 7.724831e-03
5Cj8K3OzKfc 0 0 0.2 7.435216e-03
5jvIRPG0pXI 0 0 0.13 7.350376e-03
0oLlm3K6B6s 0 0 0.13 7.117257e-03
02mpJUpG0TI 0 0 0.07 7.047185e-03
1kK2_lpHaEE 0 0 0.09 6.604326e-03
4huGwAxwOl8 0 0 0.06 6.487158e-03
43ktQ_KevUI 0 0 0.12 6.393555e-03
0OrvLqmlhEY 0 0 0.04 6.015644e-03
5BUSnX3g-EM 0 0 0.06 5.853071e-03
11dArtopIbw 0 0 0.06 5.828418e-03
4tmV8OLquf0 0 0 0.1 5.769726e-03
49wCa7kPUfA 0 0 0.08 5.464842e-03
4f99RLGDTEs 0 0 0.12 5.283485e-03
0CXPF1jl_Lw 0 0 0.16 5.257328e-03
4w_XPQq-4sA 0 0 0.03 4.930707e-03
3r4CvYo6tWM 0 0 0.14 4.884572e-03
-Kmr0E3lNoA 0 0 0.26 4.824440e-03
5KXICXmKpZc 0 0 0.05 4.738273e-03
-MC21SfN7JQ 0 0 0.04 4.603764e-03
4AJPMarIzqc 0 0 0.06 4.600438e-03
1TeWQFee-bM 0 0 0.07 4.538535e-03
-mxGH7o1thM 0 0 0.02 4.385836e-03
3nv4cporQ5o 0 0 0.11 3.968293e-03
5OsPG3rjb1U 0 0 0.04 3.799989e-03
-jj2nXYoFYE 0 0 0.15 3.733391e-03
5KA1TLCl8Vc 0 0 0.15 3.621863e-03
51-EIHS-KpE 0 0 0.08 3.372861e-03
5ji8HPmVa-4 0 0 0.07 3.172203e-03
0Ec9GyJAEjY 0 0 0.12 2.877618e-03
0mTAQI7w8sc 0 0 0.03 2.813343e-03
4-OxtLvke7E 0 0 0.11 2.627510e-03
1LaJwL9hbIk 0 0 0.11 2.600936e-03
5d52KIzJ_gE 0 0 0.06 2.318772e-03
-L6-i9rkW6Q 0 0 0.12 1.865030e-03
-XchxlnNlDg 0 0 0.07 1.770560e-03
-qoBKqFZXME 0 0 0.08 1.728624e-03
5Jpkz0wWC58 0 0 0.15 1.588319e-03
4qqwA9HdASg 0 0 0.19 1.549520e-03
5QFKdgZFmyw 0 0 0.16 1.235851e-03
4wOU_IjpXrI 0 0 0.11 1.115206e-03
-KMioe2JwBE 0 0 0.11 8.781435e-04
00b6k17zCTw 0 0 0.07 3.633881e-04
