5KJvO3BkcXE 1 1 0.87 9.800754e-01
4zTezvXow6w 1 1 0.92 9.723286e-01
5QFKdgZFmyw 1 1 0.58 9.550071e-01
16PCLyl_H48 1 1 0.92 9.537851e-01
5acGSsTALyE 1 1 0.93 9.391725e-01
-qoBKqFZXME 1 1 0.9 9.345719e-01
0KR4T_B02FM 1 1 0.9 9.277800e-01
43ktQ_KevUI 1 1 0.9 9.258356e-01
-0n50a7seNI 1 1 0.91 9.224265e-01
4w_XPQq-4sA 1 1 0.91 9.140587e-01
4huGwAxwOl8 1 1 0.9 9.136809e-01
4qqST8BqJ9s 1 1 0.89 9.133182e-01
-R50rxfghjg 1 1 0.92 9.062305e-01
1fkOYUKtQyI 1 1 0.92 9.052283e-01
4wOU_IjpXrI 1 1 0.91 9.035873e-01
0Ec9GyJAEjY 1 1 0.87 8.923214e-01
4ynyIk76f44 1 1 0.92 8.856698e-01
4tmV8OLquf0 1 1 0.84 8.786983e-01
5KA1TLCl8Vc 1 1 0.89 8.784139e-01
3mW29k5qTZM 1 1 0.87 8.773501e-01
0mTAQI7w8sc 1 1 0.93 8.764246e-01
4CgaTAi4nqI 1 1 0.88 8.742456e-01
5Jpkz0wWC58 1 1 0.84 8.742307e-01
4V0VOawQ5dg 1 1 0.83 8.706326e-01
5BUSnX3g-EM 1 1 0.93 8.436259e-01
552JFboN8QU 1 1 0.61 8.410346e-01
1sEURubw07c 1 1 0.93 8.410172e-01
3lsFCcZM46k 1 1 0.92 8.379914e-01
11dArtopIbw 1 1 0.9 8.363165e-01
1fzHD46wRwo 1 1 0.88 8.254178e-01
0yT5fffr4kg 1 1 0.92 8.253295e-01
5ji8HPmVa-4 1 1 0.93 8.237819e-01
51-EIHS-KpE 1 1 0.91 8.181003e-01
-jj2nXYoFYE 1 1 0.82 8.161408e-01
43YMjaK5G80 1 1 0.56 8.149052e-01
3r4CvYo6tWM 1 1 0.92 7.967670e-01
-Ms77NxhSFE 1 1 0.92 7.937202e-01
00b6k17zCTw 1 1 0.85 7.920855e-01
4AJPMarIzqc 1 1 0.92 7.911150e-01
4Hy36KsEpeI 1 1 0.91 7.886664e-01
0YytkZJx-VE 1 1 0.92 7.606933e-01
1pAWjZmIoJE 0 1 0.05 7.475810e-01
4f99RLGDTEs 1 1 0.84 7.434878e-01
0oLlm3K6B6s 1 1 0.81 7.427749e-01
4U97-jCnWUc 1 1 0.91 7.366465e-01
5KXICXmKpZc 1 1 0.92 7.361539e-01
1MNWQB9jrRs 1 1 0.86 7.354961e-01
4TT61PQ0eB8 1 1 0.68 7.290649e-01
1LaJwL9hbIk 1 1 0.93 7.289802e-01
01Tn0Fvc1bA 1 1 0.74 7.224486e-01
-k9a8MS8g0g 1 1 0.77 7.136650e-01
4-OxtLvke7E 1 1 0.87 7.131633e-01
1TeWQFee-bM 1 1 0.9 7.057035e-01
-YeuVmchu-M 1 1 0.69 7.045654e-01
0LkBOWLX83w 0 1 0.17 7.023089e-01
-U4i44fVZJE 1 1 0.91 6.999772e-01
13v1xtWtueo 1 1 0.89 6.959221e-01
5b-nhaF7Ga0 1 1 0.92 6.892975e-01
0BeFeDU7RK0 1 1 0.7 6.873111e-01
3wwdOUMQ-cQ 0 1 0.1 6.857765e-01
-l6eSOvKgEw 1 1 0.77 6.805582e-01
-L6-i9rkW6Q 1 1 0.74 6.795401e-01
52JVAhy3FWE 1 1 0.87 6.788018e-01
4zZgZp0HuB0 1 1 0.91 6.725176e-01
1bgJ0OwlKV8 1 1 0.62 6.637808e-01
1_bgKeogKe4 1 1 0.94 6.629145e-01
-Lfhpm1GDmA 1 1 0.92 6.620136e-01
5HOIjy-lMYQ 1 1 0.88 6.523406e-01
0vd5DX-LPmc 1 1 0.88 6.507921e-01
0o6J-2USwwE 1 1 0.92 6.409088e-01
-ltzj95e68M 1 1 0.93 6.401457e-01
0FVTdhNmjM0 1 1 0.84 6.370753e-01
1Eb0pg65f3s 1 1 0.71 6.335036e-01
4FsWN72u7PY 1 1 0.93 6.273124e-01
0rh581E2L10 1 1 0.92 6.244521e-01
1UMaCbZx3Ag 1 1 0.52 6.223551e-01
49wCa7kPUfA 1 1 0.89 6.197535e-01
4vcgZXnfMGk 1 1 0.9 6.190593e-01
-yjHK_imtKw 1 1 0.5 6.188188e-01
092BG73R0ak 1 1 0.92 6.187479e-01
5hONeYrHLg8 1 1 0.87 5.937352e-01
1UOyF1IFalA 1 1 0.92 5.900551e-01
4O3KMph3sGI 1 1 0.89 5.834455e-01
4-xQGlipgCs 1 1 0.93 5.746707e-01
-Kmr0E3lNoA 1 1 0.77 5.726019e-01
3tvkEyPXZmg 1 1 0.84 5.699225e-01
-MC21SfN7JQ 1 1 0.89 5.629745e-01
-TSK5P5OZOM 1 1 0.93 5.357663e-01
02mpJUpG0TI 1 1 0.91 5.295025e-01
5YTQCkuJIbc 1 1 0.78 5.249162e-01
-RLHh9xmWOk 1 1 0.84 5.217063e-01
3ogSC8TdIxQ 0 1 0.74 5.210230e-01
116IZnYNzx4 0 1 0.14 5.000000e-01
-MNcDq1dw7M 1 0 0.83 4.879235e-01
4aTkHVdoqkw 1 0 0.59 4.798623e-01
5EmzbJXWhEo 1 0 0.9 4.749123e-01
1rc0JB7AHi0 1 0 0.9 4.714723e-01
5FY1SJSxbOg 0 0 0.09 4.698040e-01
4uXBcDPQk8w 1 0 0.85 4.610848e-01
1ptvHLoDv10 1 0 0.61 4.364042e-01
3pOGUKrMseg 1 0 0.82 4.297034e-01
-vmZoo8j-AM 1 0 0.91 4.161163e-01
5OsPG3rjb1U 1 0 0.76 4.145717e-01
0kIDeKrPBUU 1 0 0.56 4.087205e-01
1c8axb3BuYQ 1 0 0.78 4.060612e-01
-SNs9Wkk9Us 0 0 0.1 4.046533e-01
0CXPF1jl_Lw 0 0 0.18 4.041403e-01
0QGtPTzwZi8 1 0 0.91 4.030416e-01
1WF8FMitboA 1 0 0.72 3.995680e-01
47P0Fy-DYnI 1 0 0.68 3.896796e-01
5FvSv-IE6Tc 1 0 0.87 3.662233e-01
5PBhEQQcUeg 0 0 0.23 3.520902e-01
-mX0pMDmZhQ 1 0 0.81 3.492431e-01
0EwtL2yr0y8 1 0 0.52 3.266444e-01
1qTRhb3Wd8c 1 0 0.9 3.266415e-01
1GR63Uu55dM 0 0 0.23 3.174841e-01
3n5FA0jseMw 1 0 0.85 3.142627e-01
-gruAlxQu2M 1 0 0.84 3.131794e-01
5DT3BGNdlYM 1 0 0.82 3.115554e-01
1uL25kL7jHw 0 0 0.17 3.099428e-01
1kK2_lpHaEE 1 0 0.59 3.030539e-01
4CHZeVizxcs 0 0 0.15 2.986533e-01
19IeCfVdkDM 1 0 0.73 2.982046e-01
3rbg8mdOHlE 0 0 0.06 2.960464e-01
0lUicrX8hu4 0 0 0.09 2.884601e-01
-yXCNmqGQ0M 1 0 0.6 2.875841e-01
42rzULyT67A 1 0 0.91 2.829097e-01
5SwHJnHHOk8 1 0 0.94 2.827443e-01
-mxGH7o1thM 0 0 0.05 2.772567e-01
4AdZhiQ2OrE 1 0 0.91 2.746602e-01
5asyMt9Upfk 1 0 0.91 2.728995e-01
0SgEB3BCvGA 0 0 0.4 2.702089e-01
5d52KIzJ_gE 1 0 0.76 2.649228e-01
5cQR_hNLZs4 0 0 0.14 2.616171e-01
41NJZqvGUZM 0 0 0.07 2.596214e-01
15MSK5Nv16k 1 0 0.66 2.420222e-01
4Zbmyk4raZY 0 0 0.3 2.383284e-01
-JNXp8A55s8 1 0 0.57 2.346950e-01
4-nOnb56gSg 0 0 0.2 2.343895e-01
48grDvwpfOM 0 0 0.12 2.283634e-01
4rZ907xLb_U 0 0 0.13 2.257893e-01
4KIG86cHnNw 0 0 0.09 2.234660e-01
-pPSM_rMu2k 0 0 0.83 2.225002e-01
42D6R8Es3sI 1 0 0.81 2.221940e-01
-lCErNwhLbg 1 0 0.9 2.204030e-01
1DMqa2jDpqA 0 0 0.11 2.166042e-01
5Zs5h0VkNgs 0 0 0.06 2.144253e-01
555HdQHE3j4 0 0 0.06 2.109939e-01
40MwwJyIpy4 0 0 0.1 2.073739e-01
4sZ9c-H54mU 1 0 0.93 1.986467e-01
0uTBxpgJJuI 0 0 0.17 1.937879e-01
56D6pZHezSk 0 0 0.06 1.905300e-01
-sIuewUzPoE 0 0 0.03 1.895710e-01
4qqwA9HdASg 1 0 0.8 1.893924e-01
-MUM3XyqEFg 1 0 0.91 1.874978e-01
4rW4rp54xyA 0 0 0.25 1.855369e-01
4hqg0XEyrPQ 0 0 0.07 1.833074e-01
1mjoo_XQVZI 1 0 0.82 1.811208e-01
1rTBJJZWgk4 1 0 0.82 1.805099e-01
1szFX8polKo 1 0 0.9 1.771054e-01
46fVxPS0n2c 0 0 0.18 1.767577e-01
-K4hB7LCz_M 0 0 0 1.727347e-01
4A8793H627I 0 0 0.18 1.722308e-01
5Z94lx53hx8 0 0 0.17 1.710303e-01
5VVQqhCFW-4 0 0 0.09 1.696768e-01
4DHEKpzD2YU 0 0 0.11 1.679792e-01
4z5aBO_ql5o 0 0 0.09 1.645547e-01
1-7eYsFYZRQ 1 0 0.85 1.602947e-01
-_NlReHSyZ4 0 0 0.36 1.560364e-01
5YegKcusCZY 0 0 0.2 1.523819e-01
4qsADJ0pmxM 0 0 0.07 1.516149e-01
4kwIQKP4FH0 0 0 0.04 1.505282e-01
-YwWgR1m8_Y 1 0 0.56 1.500481e-01
0I0T-JENkhg 0 0 0.14 1.491962e-01
-qFg_TAe9H0 0 0 0.14 1.475855e-01
4sMbu2Pr6xA 0 0 0.21 1.471535e-01
1heI9Qj9dl0 0 0 0.11 1.420349e-01
3nv4cporQ5o 0 0 0.26 1.412988e-01
3pqyXX9KdHY 0 0 0.35 1.402611e-01
4Yi9tMSEGh8 0 0 0.26 1.378749e-01
4FUhj80606E 1 0 0.76 1.334112e-01
-l51YfJQUyk 0 0 0.49 1.328550e-01
4DT1hrO78lc 0 0 0.2 1.327705e-01
-KMioe2JwBE 0 0 0.19 1.317090e-01
-XchxlnNlDg 0 0 0.08 1.270201e-01
0YByiOReG8E 0 0 0.1 1.209498e-01
4e_-W453Kys 1 0 0.22 1.193553e-01
5VRr4q5Ay-E 1 0 0.73 1.184248e-01
08e5rB2zFPQ 1 0 0.65 1.176887e-01
5jvIRPG0pXI 0 0 0.2 1.157967e-01
3wpEAM9W7y4 0 0 0.38 1.150879e-01
3nQzbKPkmJk 0 0 0.2 1.133766e-01
09TB9IoSpXQ 0 0 0.09 1.120423e-01
4Wk8kYxvD8Q 0 0 0.12 1.108246e-01
5NIGy3JWZiM 0 0 0.12 1.055729e-01
1GwFBPb8SX8 0 0 0.23 1.031100e-01
0qCD3Jdw_ys 0 0 0.07 9.999919e-02
0XEyBKELKI0 0 0 0.06 9.969125e-02
1rc0YmHCO0g 0 0 0.26 9.957031e-02
4ZB44ewdXz0 0 0 0.09 9.665662e-02
-vqHOULV0iU 0 0 0.09 9.595066e-02
1VDIYqIDuhI 0 0 0.05 9.517598e-02
17pdZNQSr1c 0 0 0.13 9.454345e-02
5Feyp5jr5rg 0 0 0.05 9.340044e-02
1HkloCaFwyo 0 0 0.11 9.281049e-02
1BG0ut3-Dps 0 0 0.06 9.279175e-02
-jRgxRLkTIA 0 0 0.11 9.003953e-02
03FF1Sz53YU 0 0 0.06 8.959090e-02
3y1PnXLbibw 1 0 0.73 8.743416e-02
0F5dZUj7SKE 0 0 0.07 8.588713e-02
0QweaoZDeQ4 0 0 0.33 8.584891e-02
3uHbEfH2Ezs 0 0 0.13 8.151630e-02
0GYhYV0lIgM 0 0 0.09 8.104676e-02
53a_8hJh-tA 0 0 0.32 8.038979e-02
0SBHkS5ho3M 0 0 0.07 8.003520e-02
0NdRoZh-2zU 0 0 0.09 7.994624e-02
03OSTDJYfRc 0 0 0.27 7.818292e-02
5ip2qhQy6w8 0 0 0.07 7.808284e-02
1nOEO3qlea0 0 0 0.24 7.791339e-02
5Cj8K3OzKfc 0 0 0.13 7.559458e-02
0R2vlCPga04 1 0 0.9 7.542971e-02
0RosoZRG_RM 0 0 0.07 7.391366e-02
5hXiJJwXc3o 0 0 0.07 7.390414e-02
1tPQkymCaig 1 0 0.76 7.359195e-02
51b2PbXOc4s 0 0 0.28 7.335030e-02
0OrvLqmlhEY 0 0 0.08 7.180595e-02
16gPtbkbvAQ 1 0 0.93 7.110630e-02
0QLovZrWLvY 0 0 0.28 7.038277e-02
0LkC2cE7LXQ 0 0 0.11 6.660052e-02
4NlUzXHDVOE 1 0 0.42 6.627770e-02
5LL8ktVpW1o 0 0 0.38 6.621886e-02
-UIxNxlvapk 0 0 0.03 6.573272e-02
5Rln_fPIBYs 0 0 0.05 6.502370e-02
16EYRx8Xjz4 0 0 0.16 6.464419e-02
0U2VusI6ZoU 0 0 0.11 6.460052e-02
0EX1twiwKVU 0 0 0.08 6.190282e-02
-qS8FbH1TT8 0 0 0.13 5.868478e-02
1T1Mtw5pn4Q 0 0 0.34 5.778914e-02
-tqFKio99ho 0 0 0.21 5.658121e-02
43U4OIyFaYM 0 0 0.07 5.616344e-02
1vBN_rntrpk 0 0 0.05 5.569955e-02
13w-Autf9E0 0 0 0.07 5.395149e-02
1tlPk2-OX0A 0 0 0.13 5.366192e-02
-xFijZ1ubPg 0 0 0.08 5.280564e-02
4bqYemOSlvY 0 0 0.27 5.250303e-02
1Yje_lnKDHc 0 0 0.08 5.242961e-02
5aw_ICo5Deg 0 0 0.14 5.147674e-02
1GmLltOvrvw 0 0 0.13 5.102625e-02
-sf8idyg5CM 0 0 0.17 5.102402e-02
5kDUMLnSyp4 0 0 0.36 5.064679e-02
5-VyMa3qYKs 0 0 0.07 5.019125e-02
0PqXAWG-SF0 0 0 0.16 4.913338e-02
52cdhl5xrd0 0 0 0.17 4.898985e-02
07cyOPE9t4A 0 0 0.06 4.891323e-02
4T2Ka5cH7CE 0 0 0.41 4.864399e-02
0IPZHPr-EtQ 0 0 0.08 4.782320e-02
4ggpqFQ-4dY 0 0 0.21 4.724460e-02
1W42V_boVcI 0 0 0.03 4.707981e-02
0c3EDq4VzRY 0 0 0.13 4.669682e-02
5K7yt36R04w 0 0 0.15 4.517392e-02
0RbuY3CskEU 0 0 0.04 4.408340e-02
47T1YHJ16a8 0 0 0.17 4.297093e-02
-uuDiQU1wOM 0 0 0.19 4.284879e-02
1KBCFLAUIT0 0 0 0.15 4.282902e-02
1S9aybZaqkE 0 0 0.06 4.192522e-02
3zh_Jijhwsg 0 0 0.09 4.093995e-02
-MpxXh4TGyg 0 0 0.02 4.059088e-02
41NKQFiPWS4 0 0 0.08 4.047680e-02
1EdbDSHHXKM 0 0 0.18 4.014096e-02
5G9oWmwz748 0 0 0.11 4.004009e-02
5Ha1thvsfeU 0 0 0.09 3.995363e-02
-mrg30x9fDQ 0 0 0.09 3.974654e-02
-GulHMmrt-o 0 0 0.23 3.932441e-02
1xHaYAk4_1A 0 0 0.05 3.895430e-02
01hi-bIJI0Y 0 0 0.53 3.884342e-02
4TL9BKfuqJ0 0 0 0.07 3.878875e-02
0rIuhd4sCRg 0 0 0.06 3.854344e-02
4AtTz8uD0hU 0 0 0.11 3.825232e-02
-QdiNtL6JwQ 0 0 0.08 3.730508e-02
-PPxVQvJHqw 0 0 0.36 3.728667e-02
13JGk2W9qvw 0 0 0.18 3.722158e-02
4gY3faaPj_k 0 0 0.08 3.651793e-02
42zdZwia7zE 0 0 0.13 3.630555e-02
-il6LgZdrjk 0 0 0.21 3.595874e-02
5MMNiyLpyow 0 0 0.11 3.577908e-02
00KeOQP3F4A 0 0 0.12 3.576763e-02
16mW_ij3jSY 0 0 0.29 3.562178e-02
11d_QiocQqg 0 0 0.43 3.506621e-02
1dtLkVmSqtc 0 0 0.11 3.476420e-02
4N2ePx-jhfc 0 0 0.09 3.471792e-02
53fvufynmVY 0 0 0.08 3.343755e-02
5g8ay9J2ayI 0 0 0.06 3.274405e-02
3p03pWB7Nfk 0 0 0.06 3.238794e-02
0ZkZhR7F7Lo 0 0 0.17 3.200126e-02
1vCnPYalC5k 0 0 0.24 3.188109e-02
4ZeYfPAAHl0 0 0 0.02 3.186963e-02
-kdahZGrC7k 0 0 0.12 3.178125e-02
10JM_YStYpw 0 0 0.09 3.096340e-02
0RAHikS9fvQ 0 0 0.18 3.090847e-02
04NGq2WY4ME 0 0 0.22 3.036184e-02
-z6JfzkJuCM 0 0 0.08 2.945432e-02
4Aqz1W3QC08 0 0 0.03 2.930203e-02
4HTQXdEUsO4 0 0 0.07 2.918088e-02
1X6333AjlMs 0 0 0.08 2.895551e-02
0uMotNq_0Hs 0 0 0.06 2.881626e-02
04liAs0D358 0 0 0.11 2.840855e-02
4fAeA-6p3J4 0 0 0.03 2.827031e-02
3vTCMGkcYqY 0 0 0.05 2.784401e-02
4qBq47yL8vA 0 0 0.13 2.784058e-02
4tvR8ku1SI0 0 0 0.08 2.775872e-02
5NF3zOxikqg 0 0 0.24 2.769975e-02
5CNtVGHdXT4 0 0 0.13 2.676041e-02
3sJ6EDrvILw 0 0 0.11 2.666009e-02
1Oc7QOnOU6k 0 0 0.2 2.601252e-02
41_9GHoDy3Q 0 0 0.07 2.579312e-02
0wGQgwMBfcA 0 0 0.15 2.573509e-02
-IByByzFDyQ 0 0 0.06 2.562338e-02
5QSH4TuOcb0 0 0 0.07 2.544814e-02
1EQ_2MPdqYs 0 0 0.05 2.532972e-02
1nvyJZv9pk8 0 0 0.09 2.515134e-02
-pPfQ3hd6oA 0 0 0.21 2.502125e-02
-miQHtfAWI0 0 0 0.39 2.501331e-02
03W_dNb7JLs 0 0 0.13 2.449075e-02
5dUUq1VFf1k 0 0 0.08 2.428566e-02
5jWlH_ZewlA 0 0 0.08 2.426213e-02
-lE3PMRuOck 0 0 0.07 2.406179e-02
1eDITCytUf8 0 0 0.09 2.402744e-02
1--IBh1NhIk 0 0 0.08 2.347876e-02
4jIzY8xz-1I 0 0 0.09 2.340608e-02
4UEu2WkMNjQ 0 0 0.06 2.261937e-02
5_JvLWbN9so 0 0 0.08 2.225042e-02
1wBYmhN0Uqc 0 0 0.09 2.193410e-02
-KyJApAwKug 0 0 0.05 2.107719e-02
4yR7RnhQ3zI 0 0 0.25 2.068049e-02
0Tv4Bcxvg0I 0 0 0.1 2.058288e-02
4dEmcbbe_YY 0 0 0.09 2.025704e-02
-_h8Cnmx7rA 0 0 0.1 1.991850e-02
50xs45jTxPc 0 0 0.21 1.932187e-02
1c7ddH8_OY4 0 0 0.37 1.876586e-02
1HSvIXFg9GU 0 0 0.08 1.876318e-02
1wOj7xTYj5U 0 0 0.25 1.867595e-02
5eRUm-6549I 0 0 0.12 1.866920e-02
0eUrJ0Z28LI 0 0 0.08 1.862328e-02
-TYedWQk1oE 0 0 0.07 1.840068e-02
1KTGEaqBm2c 0 0 0.11 1.804587e-02
3u2VMvBRDZs 0 0 0.08 1.797533e-02
-Vif0do57AQ 0 0 0.08 1.774069e-02
1MopV-J2KoA 0 0 0.08 1.705592e-02
4GWSzPYLtRc 0 0 0.12 1.683736e-02
3sNm7F1Rb3U 0 0 0.11 1.681128e-02
55AHzTR_i2k 0 0 0.12 1.620895e-02
1tYoC0J8058 0 0 0.13 1.618793e-02
44wyEoU_uQQ 0 0 0.08 1.587640e-02
-KBYMG0ogFA 0 0 0.24 1.582625e-02
4-rk82sZNJo 0 0 0.07 1.572905e-02
1jm-VEgQYH8 0 0 0.14 1.554173e-02
10eF2Y1vtSU 0 0 0.14 1.543037e-02
41stW8wFb1g 0 0 0.1 1.490958e-02
1FP3z5oetdQ 0 0 0.35 1.489341e-02
4boGRpL0OwI 0 0 0.11 1.485964e-02
4vJr4ftm8Ro 0 0 0.09 1.482619e-02
1GqfsNyJhVg 0 0 0.08 1.480171e-02
4zZuvq3GLe4 0 0 0.14 1.465304e-02
1QawHxCZQ9g 0 0 0.07 1.435012e-02
3xzA0_48Oag 0 0 0.08 1.431522e-02
1VoNKxGhiUk 0 0 0.08 1.420790e-02
1PnSatLeG0s 0 0 0.26 1.410699e-02
3st3MlL2vbY 0 0 0.09 1.407054e-02
-m6ac6w-r3o 0 0 0.07 1.404364e-02
48Si6W1aVXg 0 0 0.11 1.343987e-02
4Bu8JSnrHPM 0 0 0.13 1.293137e-02
1eJgWtyh6gs 0 0 0.13 1.293071e-02
3wCt5_px63Y 0 0 0.15 1.281979e-02
48VkqmoSTgY 0 0 0.12 1.272006e-02
3lqtGGv6JRw 0 0 0.1 1.268413e-02
10IQS2X6DQo 0 0 0.11 1.244344e-02
-_wOEpl15YU 0 0 0.13 1.230897e-02
4B3BDXa_VGY 0 0 0.07 1.209259e-02
0pwtpPm-uxU 0 0 0.14 1.202169e-02
56Dbp9JCxbE 0 0 0.08 1.164144e-02
-wnhmxNlhXE 0 0 0.1 1.163810e-02
5PKh_veiSk8 0 0 0.07 1.132387e-02
5Og7NM5f3P8 0 0 0.18 1.118624e-02
-l1eGa3VCcw 0 0 0.19 1.115827e-02
-kPG1z_pFDk 0 0 0.06 1.110751e-02
1erKh-yl0Ng 0 0 0.08 1.110523e-02
4ZhVYKwS_hA 0 0 0.05 1.080786e-02
5czVWjGOXFY 0 0 0.01 1.078886e-02
1eTXKB8ecm4 0 0 0.28 1.064003e-02
41UaPRP4SNc 0 0 0.09 1.017212e-02
0e8dQCtnWBQ 0 0 0.08 1.015051e-02
0276tzdXxgk 0 0 0.08 9.303373e-03
-TZncDf7ENs 0 0 0.09 9.296572e-03
-_ZKKDqRQvQ 0 0 0.13 9.177943e-03
-ix4wo72Gy0 0 0 0.12 9.042972e-03
-eMJy35xy9U 0 0 0.09 9.041510e-03
4hyR6kgcBnE 0 0 0.1 8.380092e-03
0j4Yj6AWHi0 0 0 0.25 8.069573e-03
1fjm4EFOck0 0 0 0.05 8.061441e-03
15YWLcStacI 0 0 0.05 8.023745e-03
10Vd5F_ooXU 0 0 0.08 8.008821e-03
-LJYa2YIdLk 0 0 0.11 7.676800e-03
0S_yZerJKr8 0 0 0.21 7.559069e-03
0mdRYnaSB1Y 0 0 0.12 7.470800e-03
4gt4BYxY2wg 0 0 0.18 7.425665e-03
03ZBMuALda0 0 0 0.13 7.339819e-03
4K38i8cQ2Ok 0 0 0.05 6.968798e-03
55QYOWgSe5o 0 0 0.06 6.927937e-03
55KSDnO2C7k 0 0 0.1 6.624880e-03
0kNYQ20gFjM 0 0 0.2 6.591079e-03
1o1SsjxXRic 0 0 0.05 6.109247e-03
-ZHTdGqEqSY 0 0 0.12 6.089701e-03
0krhPX4fjqY 0 0 0.57 6.049691e-03
1uVHrhWcOag 0 0 0.21 5.880247e-03
4E050kdAj3o 0 0 0.33 5.556671e-03
3uKTmbhhxFM 0 0 0.16 5.444020e-03
0fjJyRfA3W8 0 0 0.14 5.361436e-03
-xZiKi1JCfU 0 0 0.17 5.281616e-03
1Y-81NlDroA 0 0 0.12 5.169673e-03
1QLKbPg0DOw 0 0 0.19 4.711672e-03
-HUkS8zNuuI 0 0 0.46 4.544514e-03
5iM2Ob_Eaec 0 0 0.02 4.493984e-03
4wSUnjlW35Y 0 0 0.23 4.479919e-03
5eU0dxNcJ_A 0 0 0.1 4.374379e-03
4eBu6ennrLE 0 0 0.11 4.374219e-03
-L3v8-poBa4 0 0 0.09 4.277193e-03
1aiVdge_vd8 0 0 0.19 4.123861e-03
040qf3RJ0kw 0 0 0.06 4.069986e-03
-u9Rs3bvXOk 0 0 0.11 3.709882e-03
0Nb45QzPOmk 0 0 0.11 3.652827e-03
-hpHjpbUrMs 0 0 0.03 3.646259e-03
4-6OUHdonjU 0 0 0.03 3.584629e-03
1C1uEugmodk 0 0 0.14 3.400720e-03
3qxfZZb9Jz4 0 0 0.05 3.337848e-03
43ac7z1GvpI 0 0 0.12 3.207702e-03
4w06G6-A2wE 0 0 0.06 2.874600e-03
-WJwnl2T_4Q 0 0 0.3 1.729021e-05
-PuJSys8oMk 0 0 0.12 1.572157e-05
4pL08UrfewI 0 0 0.13 1.357702e-05
5Na80JHngzc 0 0 0.04 1.280058e-05
-Ji3RM-lTaU 0 0 0.14 1.045264e-05
-l38EuwPz_o 0 0 0.1 9.471403e-06
53b5VJjIWOU 0 0 0.06 9.394184e-06
-HlRKWK9clo 0 0 0.11 8.957533e-06
3mZ8HfxY8KY 0 0 0.39 8.300252e-06
0cYa-dZzlEo 0 0 0.05 6.954028e-06
1WO9GU2_RkI 0 0 0.04 5.342791e-06
5-YHieEhdT4 0 0 0.1 5.184988e-06
1u88HrLz_k4 0 0 0.36 3.960638e-06
0TmXTuJA2gE 0 0 0.05 3.669764e-06
