-XchxlnNlDg 1 1 0.96 9.944922e-01
4ZhVYKwS_hA 1 1 0.95 9.904047e-01
-KMioe2JwBE 1 1 0.35 9.842371e-01
1eDITCytUf8 1 1 0.97 9.780252e-01
1KBCFLAUIT0 1 1 0.85 9.759272e-01
0276tzdXxgk 1 1 0.93 9.647164e-01
3wCt5_px63Y 1 1 0.88 9.640830e-01
1dtLkVmSqtc 1 1 0.95 9.627379e-01
04NGq2WY4ME 1 1 0.84 9.573738e-01
41_9GHoDy3Q 1 1 0.96 9.562616e-01
-xFijZ1ubPg 1 1 0.95 9.498725e-01
3nv4cporQ5o 1 1 0.89 9.484727e-01
4gY3faaPj_k 1 1 0.97 9.474206e-01
4E050kdAj3o 1 1 0.81 9.466824e-01
0CXPF1jl_Lw 1 1 0.88 9.438825e-01
3pqyXX9KdHY 1 1 0.63 9.260446e-01
4tvR8ku1SI0 1 1 0.96 9.108951e-01
0QweaoZDeQ4 1 1 0.86 9.065785e-01
53b5VJjIWOU 0 1 0.11 9.017860e-01
5hXiJJwXc3o 1 1 0.95 8.977691e-01
0F5dZUj7SKE 1 1 0.94 8.967936e-01
4z5aBO_ql5o 1 1 0.95 8.964198e-01
4bqYemOSlvY 1 1 0.84 8.959024e-01
1T1Mtw5pn4Q 1 1 0.64 8.935431e-01
43U4OIyFaYM 1 1 0.96 8.933861e-01
0RosoZRG_RM 1 1 0.93 8.922991e-01
3u2VMvBRDZs 1 1 0.97 8.921464e-01
-HUkS8zNuuI 1 1 0.73 8.887271e-01
1nOEO3qlea0 1 1 0.9 8.870442e-01
4yR7RnhQ3zI 1 1 0.83 8.816177e-01
3sNm7F1Rb3U 1 1 0.94 8.788897e-01
1VDIYqIDuhI 1 1 0.93 8.722807e-01
51b2PbXOc4s 1 1 0.78 8.711526e-01
-TZncDf7ENs 1 1 0.94 8.630611e-01
-K4hB7LCz_M 1 1 0.27 8.617917e-01
4hyR6kgcBnE 1 1 0.86 8.563635e-01
1C1uEugmodk 1 1 0.92 8.548982e-01
5Cj8K3OzKfc 1 1 0.83 8.511293e-01
0rIuhd4sCRg 1 1 0.96 8.505667e-01
-PPxVQvJHqw 1 1 0.85 8.498298e-01
03OSTDJYfRc 1 1 0.86 8.495336e-01
1X6333AjlMs 1 1 0.96 8.493763e-01
-l1eGa3VCcw 1 1 0.94 8.470043e-01
4Wk8kYxvD8Q 1 1 0.91 8.447625e-01
5jWlH_ZewlA 1 1 0.97 8.433127e-01
16mW_ij3jSY 1 1 0.82 8.403595e-01
1mjoo_XQVZI 0 1 0.24 8.373506e-01
1rc0YmHCO0g 1 1 0.91 8.363871e-01
0RAHikS9fvQ 1 1 0.92 8.286773e-01
50xs45jTxPc 1 1 0.9 8.198644e-01
5cQR_hNLZs4 1 1 0.93 8.186268e-01
5VVQqhCFW-4 1 1 0.96 8.153318e-01
-IByByzFDyQ 1 1 0.95 8.107189e-01
1KTGEaqBm2c 1 1 0.95 7.982770e-01
0QLovZrWLvY 1 1 0.82 7.979431e-01
0XEyBKELKI0 1 1 0.94 7.948730e-01
1u88HrLz_k4 1 1 0.47 7.664146e-01
3mZ8HfxY8KY 1 1 0.82 7.558487e-01
1GwFBPb8SX8 1 1 0.89 7.549966e-01
02mpJUpG0TI 0 1 0.17 7.531875e-01
4ZeYfPAAHl0 1 1 0.27 7.531627e-01
1vCnPYalC5k 1 1 0.77 7.483489e-01
4vJr4ftm8Ro 1 1 0.95 7.312975e-01
4T2Ka5cH7CE 1 1 0.68 7.165631e-01
47T1YHJ16a8 1 1 0.67 7.126286e-01
4Zbmyk4raZY 1 1 0.85 7.119124e-01
0Nb45QzPOmk 1 1 0.91 7.052570e-01
4qsADJ0pmxM 1 1 0.44 6.920649e-01
1Oc7QOnOU6k 1 1 0.81 6.826242e-01
4B3BDXa_VGY 1 1 0.96 6.744598e-01
4ggpqFQ-4dY 0 1 0.12 6.707725e-01
1FP3z5oetdQ 1 1 0.46 6.690858e-01
1S9aybZaqkE 1 1 0.97 6.611812e-01
-kdahZGrC7k 1 1 0.95 6.611410e-01
-sIuewUzPoE 1 1 0.99 6.521623e-01
53a_8hJh-tA 1 1 0.79 6.512227e-01
4Bu8JSnrHPM 0 1 0.08 6.477440e-01
1rTBJJZWgk4 0 1 0.22 6.473948e-01
0SgEB3BCvGA 1 1 0.61 6.374592e-01
1BG0ut3-Dps 1 1 0.94 6.298238e-01
1DMqa2jDpqA 1 1 0.96 6.245241e-01
5iM2Ob_Eaec 0 1 0.01 6.244486e-01
4boGRpL0OwI 1 1 0.91 6.117193e-01
0j4Yj6AWHi0 1 1 0.92 6.091786e-01
5eRUm-6549I 1 1 0.92 5.972298e-01
4gt4BYxY2wg 1 1 0.89 5.894428e-01
4qBq47yL8vA 1 1 0.95 5.881199e-01
0S_yZerJKr8 1 1 0.79 5.844226e-01
4uXBcDPQk8w 0 1 0.26 5.838717e-01
3y1PnXLbibw 0 1 0.21 5.832882e-01
1c7ddH8_OY4 1 1 0.8 5.800036e-01
41NKQFiPWS4 0 1 0.1 5.700800e-01
42zdZwia7zE 1 1 0.92 5.595718e-01
5ip2qhQy6w8 1 1 0.95 5.525501e-01
-mrg30x9fDQ 1 1 0.77 5.518108e-01
0R2vlCPga04 0 1 0.21 5.505547e-01
4qqwA9HdASg 0 1 0.24 5.437058e-01
-tqFKio99ho 1 1 0.87 5.363758e-01
4sMbu2Pr6xA 1 1 0.79 5.354322e-01
3r4CvYo6tWM 0 1 0.17 5.350742e-01
-Vif0do57AQ 1 1 0.93 5.345927e-01
4A8793H627I 1 1 0.51 5.299340e-01
0I0T-JENkhg 1 1 0.26 5.139563e-01
1heI9Qj9dl0 1 1 0.91 5.093451e-01
5kDUMLnSyp4 0 1 0.26 5.054205e-01
555HdQHE3j4 1 0 0.97 4.940402e-01
-KBYMG0ogFA 1 0 0.53 4.879582e-01
5KXICXmKpZc 0 0 0.1 4.860060e-01
1--IBh1NhIk 1 0 0.96 4.817813e-01
3st3MlL2vbY 0 0 0.07 4.715231e-01
4rZ907xLb_U 0 0 0.15 4.649832e-01
01hi-bIJI0Y 1 0 0.41 4.452116e-01
04liAs0D358 1 0 0.96 4.376663e-01
-TSK5P5OZOM 0 0 0.16 4.333395e-01
5OsPG3rjb1U 0 0 0.17 4.225053e-01
1Yje_lnKDHc 1 0 0.46 4.212350e-01
0e8dQCtnWBQ 1 0 0.96 4.191582e-01
4wSUnjlW35Y 1 0 0.84 4.142849e-01
1aiVdge_vd8 1 0 0.58 4.125317e-01
4dEmcbbe_YY 1 0 0.9 4.065193e-01
-uuDiQU1wOM 1 0 0.89 3.979523e-01
3lsFCcZM46k 0 0 0.13 3.973376e-01
0YByiOReG8E 1 0 0.95 3.937275e-01
0kNYQ20gFjM 0 0 0.23 3.892172e-01
4FsWN72u7PY 0 0 0.13 3.772877e-01
0vd5DX-LPmc 0 0 0.28 3.758312e-01
0o6J-2USwwE 0 0 0.14 3.688793e-01
0eUrJ0Z28LI 0 0 0.08 3.687317e-01
5-YHieEhdT4 0 0 0.12 3.655348e-01
3lqtGGv6JRw 0 0 0.07 3.474402e-01
03ZBMuALda0 0 0 0.1 3.473714e-01
3qxfZZb9Jz4 0 0 0.17 3.425041e-01
-l38EuwPz_o 0 0 0.16 3.380282e-01
1GqfsNyJhVg 1 0 0.96 3.373157e-01
1EdbDSHHXKM 1 0 0.5 3.304976e-01
-qoBKqFZXME 0 0 0.14 3.283505e-01
1LaJwL9hbIk 0 0 0.14 3.227557e-01
-_NlReHSyZ4 1 0 0.38 3.224213e-01
-HlRKWK9clo 0 0 0.14 3.194970e-01
0lUicrX8hu4 1 0 0.9 3.191157e-01
0OrvLqmlhEY 1 0 0.89 3.127311e-01
-MUM3XyqEFg 0 0 0.11 3.116897e-01
15MSK5Nv16k 0 0 0.43 3.114134e-01
0RbuY3CskEU 0 0 0.08 3.111128e-01
-KyJApAwKug 0 0 0.12 3.093319e-01
-wnhmxNlhXE 0 0 0.12 2.985805e-01
1QLKbPg0DOw 1 0 0.87 2.983883e-01
-z6JfzkJuCM 0 0 0.11 2.983585e-01
-MNcDq1dw7M 0 0 0.25 2.960494e-01
4ZB44ewdXz0 1 0 0.96 2.925437e-01
1WO9GU2_RkI 0 0 0.06 2.916483e-01
-Lfhpm1GDmA 0 0 0.21 2.768349e-01
5G9oWmwz748 0 0 0.07 2.749709e-01
4NlUzXHDVOE 0 0 0.19 2.731601e-01
4vcgZXnfMGk 0 0 0.22 2.690452e-01
43ac7z1GvpI 0 0 0.12 2.675544e-01
10Vd5F_ooXU 0 0 0.13 2.669629e-01
1Y-81NlDroA 0 0 0.07 2.669170e-01
-vmZoo8j-AM 0 0 0.19 2.646705e-01
-hpHjpbUrMs 0 0 0.04 2.601320e-01
1rc0JB7AHi0 0 0 0.18 2.568160e-01
0qCD3Jdw_ys 0 0 0.09 2.538097e-01
-_ZKKDqRQvQ 0 0 0.19 2.519975e-01
55QYOWgSe5o 0 0 0.13 2.501285e-01
-WJwnl2T_4Q 0 0 0.25 2.492581e-01
0cYa-dZzlEo 0 0 0.09 2.476867e-01
5HOIjy-lMYQ 0 0 0.16 2.456618e-01
4f99RLGDTEs 0 0 0.1 2.449404e-01
49wCa7kPUfA 0 0 0.1 2.414477e-01
1uVHrhWcOag 0 0 0.11 2.407552e-01
55AHzTR_i2k 0 0 0.19 2.398330e-01
4TL9BKfuqJ0 1 0 0.95 2.385193e-01
-l51YfJQUyk 1 0 0.22 2.378652e-01
5dUUq1VFf1k 1 0 0.91 2.363988e-01
3n5FA0jseMw 0 0 0.32 2.321832e-01
40MwwJyIpy4 1 0 0.97 2.321049e-01
5NF3zOxikqg 0 0 0.11 2.312426e-01
5DT3BGNdlYM 0 0 0.25 2.309385e-01
1_bgKeogKe4 0 0 0.17 2.305907e-01
-k9a8MS8g0g 0 0 0.2 2.291236e-01
5jvIRPG0pXI 1 0 0.81 2.289146e-01
3uHbEfH2Ezs 0 0 0.13 2.273978e-01
5Rln_fPIBYs 0 0 0.1 2.252905e-01
4AJPMarIzqc 0 0 0.14 2.249433e-01
1TeWQFee-bM 0 0 0.13 2.241885e-01
0mdRYnaSB1Y 0 0 0.19 2.239150e-01
-LJYa2YIdLk 0 0 0.09 2.229664e-01
3wwdOUMQ-cQ 1 0 0.95 2.218774e-01
48VkqmoSTgY 0 0 0.1 2.213276e-01
4sZ9c-H54mU 0 0 0.16 2.183642e-01
5asyMt9Upfk 0 0 0.16 2.170603e-01
1erKh-yl0Ng 1 0 0.96 2.161178e-01
3uKTmbhhxFM 0 0 0.08 2.146786e-01
5VRr4q5Ay-E 0 0 0.13 2.138790e-01
1vBN_rntrpk 1 0 0.93 2.106824e-01
-miQHtfAWI0 1 0 0.43 2.091781e-01
1xHaYAk4_1A 0 0 0.07 2.087855e-01
-RLHh9xmWOk 0 0 0.08 2.085757e-01
0mTAQI7w8sc 0 0 0.07 2.074340e-01
1Eb0pg65f3s 0 0 0.32 2.067064e-01
1EQ_2MPdqYs 0 0 0.03 2.007058e-01
5aw_ICo5Deg 0 0 0.09 1.998079e-01
51-EIHS-KpE 0 0 0.13 1.985296e-01
0GYhYV0lIgM 1 0 0.87 1.968609e-01
0pwtpPm-uxU 0 0 0.15 1.938634e-01
-jRgxRLkTIA 0 0 0.09 1.936432e-01
-ltzj95e68M 0 0 0.04 1.910803e-01
4AdZhiQ2OrE 0 0 0.18 1.879732e-01
1tYoC0J8058 0 0 0.06 1.867936e-01
1WF8FMitboA 0 0 0.18 1.838932e-01
1fzHD46wRwo 0 0 0.25 1.811864e-01
1kK2_lpHaEE 0 0 0.13 1.810079e-01
0U2VusI6ZoU 0 0 0.27 1.787890e-01
41NJZqvGUZM 0 0 0.04 1.786607e-01
4KIG86cHnNw 0 0 0.02 1.742047e-01
0uTBxpgJJuI 0 0 0.09 1.703041e-01
4eBu6ennrLE 0 0 0.11 1.700206e-01
4DT1hrO78lc 0 0 0.12 1.653936e-01
11d_QiocQqg 1 0 0.54 1.650505e-01
5MMNiyLpyow 1 0 0.97 1.644864e-01
-Kmr0E3lNoA 0 0 0.32 1.632426e-01
-Ji3RM-lTaU 0 0 0.1 1.590961e-01
-SNs9Wkk9Us 1 0 0.87 1.590119e-01
5YTQCkuJIbc 0 0 0.26 1.583934e-01
53fvufynmVY 0 0 0.06 1.561676e-01
5d52KIzJ_gE 0 0 0.14 1.544298e-01
-mX0pMDmZhQ 0 0 0.28 1.543500e-01
4UEu2WkMNjQ 0 0 0.16 1.541513e-01
-ZHTdGqEqSY 0 0 0.15 1.540325e-01
4-nOnb56gSg 0 0 0.2 1.516384e-01
-L6-i9rkW6Q 0 0 0.28 1.493075e-01
-mxGH7o1thM 1 0 0.96 1.491009e-01
0QGtPTzwZi8 0 0 0.17 1.479749e-01
13v1xtWtueo 0 0 0.11 1.450681e-01
1GR63Uu55dM 0 0 0.15 1.436216e-01
5_JvLWbN9so 0 0 0.1 1.427443e-01
0ZkZhR7F7Lo 1 0 0.74 1.408008e-01
040qf3RJ0kw 0 0 0.1 1.399385e-01
-lE3PMRuOck 0 0 0.04 1.385792e-01
-xZiKi1JCfU 0 0 0.07 1.363126e-01
13JGk2W9qvw 0 0 0.16 1.332476e-01
3xzA0_48Oag 0 0 0.08 1.327341e-01
4K38i8cQ2Ok 0 0 0.06 1.314499e-01
1GmLltOvrvw 0 0 0.15 1.306904e-01
0rh581E2L10 0 0 0.15 1.266200e-01
4fAeA-6p3J4 0 0 0.12 1.264098e-01
3nQzbKPkmJk 1 0 0.6 1.225620e-01
5ji8HPmVa-4 0 0 0.11 1.220473e-01
5eU0dxNcJ_A 0 0 0.09 1.187070e-01
-u9Rs3bvXOk 0 0 0.06 1.177451e-01
56Dbp9JCxbE 0 0 0.11 1.169863e-01
0uMotNq_0Hs 0 0 0.08 1.164500e-01
-gruAlxQu2M 0 0 0.25 1.153811e-01
0oLlm3K6B6s 0 0 0.06 1.143601e-01
4zZuvq3GLe4 0 0 0.08 1.139856e-01
1MNWQB9jrRs 0 0 0.21 1.135706e-01
5FvSv-IE6Tc 0 0 0.06 1.135417e-01
1eTXKB8ecm4 0 0 0.13 1.132218e-01
03W_dNb7JLs 0 0 0.13 1.127392e-01
3vTCMGkcYqY 0 0 0.08 1.124710e-01
0TmXTuJA2gE 0 0 0.09 1.111532e-01
4zZgZp0HuB0 0 0 0.19 1.095295e-01
43ktQ_KevUI 0 0 0.16 1.091898e-01
42rzULyT67A 0 0 0.11 1.063877e-01
4aTkHVdoqkw 0 0 0.25 1.054750e-01
-GulHMmrt-o 0 0 0.17 1.038363e-01
4DHEKpzD2YU 1 0 0.97 1.021246e-01
0EX1twiwKVU 0 0 0.05 1.021151e-01
-il6LgZdrjk 0 0 0.06 1.019710e-01
4ynyIk76f44 0 0 0.14 1.008813e-01
-yjHK_imtKw 0 0 0.17 1.007718e-01
1szFX8polKo 0 0 0.22 9.928551e-02
1qTRhb3Wd8c 0 0 0.1 9.885074e-02
5Z94lx53hx8 1 0 0.91 9.808658e-02
4wOU_IjpXrI 0 0 0.13 9.799133e-02
-kPG1z_pFDk 0 0 0.06 9.726491e-02
1tlPk2-OX0A 0 0 0.14 9.594098e-02
5SwHJnHHOk8 0 0 0.12 9.547113e-02
1tPQkymCaig 0 0 0.08 9.515700e-02
0wGQgwMBfcA 0 0 0.1 9.434147e-02
10IQS2X6DQo 0 0 0.07 9.361938e-02
-l6eSOvKgEw 0 0 0.39 9.271506e-02
0BeFeDU7RK0 0 0 0.11 9.256313e-02
-QdiNtL6JwQ 1 0 0.93 9.137012e-02
5LL8ktVpW1o 1 0 0.81 9.079471e-02
0krhPX4fjqY 0 0 0.22 9.047315e-02
1pAWjZmIoJE 0 0 0.08 8.974156e-02
-lCErNwhLbg 0 0 0.19 8.708949e-02
1-7eYsFYZRQ 0 0 0.25 8.672755e-02
5Jpkz0wWC58 0 0 0.2 8.544119e-02
0fjJyRfA3W8 0 0 0.16 8.425447e-02
1HSvIXFg9GU 0 0 0.01 8.401674e-02
-vqHOULV0iU 0 0 0.06 8.250623e-02
00b6k17zCTw 0 0 0.11 8.214503e-02
4w06G6-A2wE 0 0 0.08 8.194117e-02
4Aqz1W3QC08 0 0 0.07 8.119041e-02
15YWLcStacI 0 0 0.1 7.916573e-02
1c8axb3BuYQ 0 0 0.09 7.497528e-02
1nvyJZv9pk8 0 0 0.01 7.439708e-02
5g8ay9J2ayI 0 0 0.08 7.306987e-02
1fjm4EFOck0 0 0 0.11 7.295411e-02
4kwIQKP4FH0 0 0 0.07 7.293558e-02
4tmV8OLquf0 0 0 0.22 7.198841e-02
5PBhEQQcUeg 0 0 0.11 7.025483e-02
5KA1TLCl8Vc 0 0 0.22 6.959010e-02
4rW4rp54xyA 0 0 0.05 6.815248e-02
4Hy36KsEpeI 0 0 0.16 6.611768e-02
5Ha1thvsfeU 0 0 0.06 6.500208e-02
5EmzbJXWhEo 0 0 0.1 6.497576e-02
1sEURubw07c 0 0 0.11 6.465887e-02
0LkC2cE7LXQ 0 0 0.06 6.432288e-02
48Si6W1aVXg 0 0 0.11 6.406324e-02
-qS8FbH1TT8 0 0 0.09 6.355090e-02
-ix4wo72Gy0 0 0 0.09 6.348558e-02
4TT61PQ0eB8 0 0 0.22 6.339338e-02
1eJgWtyh6gs 0 0 0.08 6.285973e-02
1W42V_boVcI 0 0 0.06 6.260343e-02
-pPSM_rMu2k 1 0 0.25 6.203260e-02
47P0Fy-DYnI 0 0 0.06 6.194252e-02
4Yi9tMSEGh8 0 0 0.18 6.189825e-02
5NIGy3JWZiM 0 0 0.09 6.189306e-02
3wpEAM9W7y4 0 0 0.29 6.077429e-02
-Ms77NxhSFE 0 0 0.12 6.029850e-02
4-xQGlipgCs 0 0 0.2 5.987601e-02
43YMjaK5G80 0 0 0.13 5.976404e-02
4qqST8BqJ9s 0 0 0.2 5.974799e-02
0EwtL2yr0y8 0 0 0.19 5.916929e-02
4CHZeVizxcs 0 0 0.1 5.859518e-02
1MopV-J2KoA 0 0 0.06 5.804412e-02
4-rk82sZNJo 0 0 0.05 5.694176e-02
1o1SsjxXRic 0 0 0.05 5.619472e-02
00KeOQP3F4A 0 0 0.1 5.572646e-02
0Tv4Bcxvg0I 0 0 0.09 5.490785e-02
4FUhj80606E 0 0 0.3 5.452118e-02
-jj2nXYoFYE 0 0 0.17 5.347008e-02
-eMJy35xy9U 0 0 0.13 5.278159e-02
-_h8Cnmx7rA 0 0 0.08 5.271371e-02
1fkOYUKtQyI 0 0 0.13 5.211377e-02
-MC21SfN7JQ 0 0 0.1 5.150698e-02
0SBHkS5ho3M 0 0 0.09 5.064354e-02
5BUSnX3g-EM 0 0 0.13 5.017881e-02
4GWSzPYLtRc 0 0 0.14 4.896422e-02
08e5rB2zFPQ 0 0 0.05 4.890610e-02
07cyOPE9t4A 0 0 0.06 4.830893e-02
3sJ6EDrvILw 0 0 0.05 4.802094e-02
11dArtopIbw 0 0 0.15 4.784289e-02
4-6OUHdonjU 0 0 0.06 4.697233e-02
5QSH4TuOcb0 0 0 0.09 4.673330e-02
-TYedWQk1oE 0 0 0.08 4.607353e-02
1QawHxCZQ9g 0 0 0.1 4.493461e-02
01Tn0Fvc1bA 0 0 0.05 4.490395e-02
4e_-W453Kys 0 0 0.05 4.472742e-02
3zh_Jijhwsg 0 0 0.07 4.455023e-02
10eF2Y1vtSU 0 0 0.09 4.374492e-02
-L3v8-poBa4 0 0 0.09 4.311214e-02
5Og7NM5f3P8 0 0 0.05 4.237295e-02
0FVTdhNmjM0 0 0 0.14 4.185596e-02
4pL08UrfewI 0 0 0.13 4.158902e-02
5-VyMa3qYKs 0 0 0.06 4.152364e-02
1wOj7xTYj5U 0 0 0.13 3.850994e-02
-PuJSys8oMk 0 0 0.06 3.843404e-02
4N2ePx-jhfc 0 0 0.11 3.783867e-02
3pOGUKrMseg 0 0 0.18 3.753717e-02
5Na80JHngzc 0 0 0.05 3.711537e-02
16EYRx8Xjz4 0 0 0.04 3.655470e-02
5hONeYrHLg8 0 0 0.14 3.581815e-02
0IPZHPr-EtQ 0 0 0.04 3.507686e-02
5Feyp5jr5rg 0 0 0.05 3.435612e-02
-YwWgR1m8_Y 0 0 0.05 3.397803e-02
1jm-VEgQYH8 0 0 0.06 3.390934e-02
0YytkZJx-VE 0 0 0.17 3.370178e-02
5czVWjGOXFY 0 0 0.03 3.367234e-02
5FY1SJSxbOg 1 0 0.88 3.339898e-02
0yT5fffr4kg 0 0 0.13 3.321083e-02
0kIDeKrPBUU 0 0 0.16 3.306919e-02
552JFboN8QU 0 0 0.12 3.240831e-02
0KR4T_B02FM 0 0 0.12 3.145562e-02
-0n50a7seNI 0 0 0.11 3.130547e-02
0NdRoZh-2zU 0 0 0.09 3.116712e-02
42D6R8Es3sI 0 0 0.12 3.106040e-02
-YeuVmchu-M 0 0 0.2 3.062455e-02
03FF1Sz53YU 0 0 0.08 3.047965e-02
1UOyF1IFalA 0 0 0.13 2.942095e-02
1PnSatLeG0s 0 0 0.14 2.930598e-02
4HTQXdEUsO4 0 0 0.04 2.907353e-02
0Ec9GyJAEjY 0 0 0.29 2.903270e-02
52cdhl5xrd0 0 0 0.05 2.889062e-02
1ptvHLoDv10 0 0 0.12 2.828739e-02
44wyEoU_uQQ 0 0 0.04 2.786302e-02
4O3KMph3sGI 0 0 0.19 2.783858e-02
4jIzY8xz-1I 0 0 0.01 2.759980e-02
16gPtbkbvAQ 0 0 0.09 2.748354e-02
3mW29k5qTZM 0 0 0.16 2.645509e-02
4huGwAxwOl8 0 0 0.1 2.605107e-02
-sf8idyg5CM 0 0 0.1 2.560665e-02
16PCLyl_H48 0 0 0.15 2.554003e-02
1wBYmhN0Uqc 0 0 0.03 2.515801e-02
5K7yt36R04w 0 0 0.06 2.513341e-02
5PKh_veiSk8 0 0 0.03 2.511962e-02
0LkBOWLX83w 0 0 0.16 2.337603e-02
5QFKdgZFmyw 0 0 0.16 2.330493e-02
-yXCNmqGQ0M 0 0 0.16 2.278114e-02
4CgaTAi4nqI 0 0 0.07 2.155756e-02
4AtTz8uD0hU 0 0 0.05 2.150987e-02
4-OxtLvke7E 0 0 0.18 2.138826e-02
-R50rxfghjg 0 0 0.13 2.130112e-02
0c3EDq4VzRY 0 0 0.08 2.088589e-02
-MpxXh4TGyg 0 0 0.07 1.953233e-02
1UMaCbZx3Ag 0 0 0.13 1.932605e-02
09TB9IoSpXQ 0 0 0.08 1.931965e-02
4w_XPQq-4sA 0 0 0.07 1.926020e-02
3tvkEyPXZmg 0 0 0.12 1.893766e-02
46fVxPS0n2c 0 0 0.09 1.890480e-02
5CNtVGHdXT4 0 0 0.1 1.865122e-02
5b-nhaF7Ga0 0 0 0.15 1.861257e-02
-U4i44fVZJE 0 0 0.1 1.836093e-02
1bgJ0OwlKV8 0 0 0.11 1.780676e-02
-UIxNxlvapk 0 0 0.05 1.765619e-02
1VoNKxGhiUk 0 0 0.09 1.728532e-02
-JNXp8A55s8 0 0 0.05 1.683534e-02
4V0VOawQ5dg 0 0 0.07 1.567911e-02
092BG73R0ak 0 0 0.1 1.535352e-02
116IZnYNzx4 0 0 0.11 1.512334e-02
10JM_YStYpw 0 0 0.11 1.473987e-02
56D6pZHezSk 0 0 0.05 1.446776e-02
5acGSsTALyE 0 0 0.13 1.316746e-02
52JVAhy3FWE 0 0 0.08 1.296728e-02
-_wOEpl15YU 0 0 0.08 1.262044e-02
5Zs5h0VkNgs 0 0 0.09 1.247875e-02
3ogSC8TdIxQ 1 0 0.53 1.230735e-02
17pdZNQSr1c 0 0 0.03 1.191075e-02
3rbg8mdOHlE 0 0 0.03 1.188017e-02
13w-Autf9E0 0 0 0.09 1.145426e-02
5KJvO3BkcXE 0 0 0.1 1.057228e-02
4U97-jCnWUc 0 0 0.11 1.050397e-02
4hqg0XEyrPQ 0 0 0.03 1.033028e-02
-qFg_TAe9H0 0 0 0.13 1.013725e-02
1HkloCaFwyo 0 0 0.13 8.997256e-03
19IeCfVdkDM 0 0 0.13 8.977016e-03
3p03pWB7Nfk 0 0 0.1 8.758717e-03
55KSDnO2C7k 0 0 0.05 7.981338e-03
41UaPRP4SNc 0 0 0.03 7.426343e-03
5YegKcusCZY 0 0 0.09 7.419198e-03
1uL25kL7jHw 0 0 0.1 6.605254e-03
-m6ac6w-r3o 0 0 0.09 6.012627e-03
0PqXAWG-SF0 0 0 0.11 5.797707e-03
41stW8wFb1g 0 0 0.07 5.551157e-03
-pPfQ3hd6oA 0 0 0.11 4.918964e-03
48grDvwpfOM 1 0 0.84 3.264875e-03
4zTezvXow6w 0 0 0.09 8.487397e-04
