4ZhVYKwS_hA 1 1 0.95 9.840700e-01
1KBCFLAUIT0 1 1 0.85 9.821617e-01
04NGq2WY4ME 1 1 0.84 9.738384e-01
-XchxlnNlDg 1 1 0.96 9.658411e-01
1eDITCytUf8 1 1 0.97 9.592176e-01
-xFijZ1ubPg 1 1 0.95 9.574120e-01
41_9GHoDy3Q 1 1 0.96 9.461113e-01
-KMioe2JwBE 1 1 0.35 9.437641e-01
1dtLkVmSqtc 1 1 0.95 9.429170e-01
-K4hB7LCz_M 1 1 0.27 9.331059e-01
0276tzdXxgk 1 1 0.93 9.220566e-01
0F5dZUj7SKE 1 1 0.94 9.208851e-01
3u2VMvBRDZs 1 1 0.97 9.186148e-01
0CXPF1jl_Lw 1 1 0.88 9.173919e-01
1KTGEaqBm2c 1 1 0.95 9.056810e-01
4tvR8ku1SI0 1 1 0.96 8.933407e-01
4hyR6kgcBnE 1 1 0.86 8.918551e-01
0rIuhd4sCRg 1 1 0.96 8.802036e-01
0XEyBKELKI0 1 1 0.94 8.748993e-01
5hXiJJwXc3o 1 1 0.95 8.717176e-01
3pqyXX9KdHY 1 1 0.63 8.699236e-01
0QweaoZDeQ4 1 1 0.86 8.621706e-01
50xs45jTxPc 1 1 0.9 8.490229e-01
3wCt5_px63Y 1 1 0.88 8.380014e-01
4ZeYfPAAHl0 1 1 0.27 8.369662e-01
-TZncDf7ENs 1 1 0.94 8.148333e-01
4vJr4ftm8Ro 1 1 0.95 8.139844e-01
4yR7RnhQ3zI 1 1 0.83 8.112369e-01
5jWlH_ZewlA 1 1 0.97 7.685482e-01
4qBq47yL8vA 1 1 0.95 7.678495e-01
4z5aBO_ql5o 1 1 0.95 7.613715e-01
1C1uEugmodk 1 1 0.92 7.566021e-01
53b5VJjIWOU 0 1 0.11 7.490460e-01
4gY3faaPj_k 1 1 0.97 7.469051e-01
3sNm7F1Rb3U 1 1 0.94 7.465788e-01
-kdahZGrC7k 1 1 0.95 7.234514e-01
0RosoZRG_RM 1 1 0.93 7.132824e-01
1VDIYqIDuhI 1 1 0.93 7.087815e-01
5Cj8K3OzKfc 1 1 0.83 7.038715e-01
555HdQHE3j4 1 1 0.97 6.963673e-01
1u88HrLz_k4 1 1 0.47 6.926127e-01
5VVQqhCFW-4 1 1 0.96 6.924516e-01
1BG0ut3-Dps 1 1 0.94 6.824611e-01
-IByByzFDyQ 1 1 0.95 6.748481e-01
-sIuewUzPoE 1 1 0.99 6.699420e-01
4Zbmyk4raZY 1 1 0.85 6.459534e-01
1S9aybZaqkE 1 1 0.97 6.439978e-01
4qsADJ0pmxM 1 1 0.44 6.433166e-01
1--IBh1NhIk 1 1 0.96 6.375412e-01
0e8dQCtnWBQ 1 1 0.96 6.299562e-01
4ggpqFQ-4dY 0 1 0.12 6.297871e-01
1GqfsNyJhVg 1 1 0.96 6.030031e-01
43U4OIyFaYM 1 1 0.96 5.959359e-01
5eRUm-6549I 1 1 0.92 5.823884e-01
-l1eGa3VCcw 1 1 0.94 5.631332e-01
51b2PbXOc4s 1 1 0.78 5.598082e-01
1Oc7QOnOU6k 1 1 0.81 5.590851e-01
4B3BDXa_VGY 1 1 0.96 5.571176e-01
5cQR_hNLZs4 1 1 0.93 5.364699e-01
4wSUnjlW35Y 1 1 0.84 5.288255e-01
1rTBJJZWgk4 0 1 0.22 5.256701e-01
1FP3z5oetdQ 1 1 0.46 5.100390e-01
4TL9BKfuqJ0 1 0 0.95 5.000000e-01
0j4Yj6AWHi0 1 0 0.92 5.000000e-01
1aiVdge_vd8 1 0 0.58 4.924800e-01
3nv4cporQ5o 1 0 0.89 4.839351e-01
1erKh-yl0Ng 1 0 0.96 4.792334e-01
4Wk8kYxvD8Q 1 0 0.91 4.785851e-01
1EdbDSHHXKM 1 0 0.5 4.604420e-01
0YByiOReG8E 1 0 0.95 4.488854e-01
-KBYMG0ogFA 1 0 0.53 4.353641e-01
04liAs0D358 1 0 0.96 4.307245e-01
1DMqa2jDpqA 1 0 0.96 4.228877e-01
1EQ_2MPdqYs 0 0 0.03 4.210299e-01
42zdZwia7zE 1 0 0.92 4.159339e-01
43ac7z1GvpI 0 0 0.12 3.975928e-01
0SgEB3BCvGA 1 0 0.61 3.947701e-01
15MSK5Nv16k 0 0 0.43 3.947449e-01
4uXBcDPQk8w 0 0 0.26 3.939338e-01
0uTBxpgJJuI 0 0 0.09 3.801539e-01
5Rln_fPIBYs 0 0 0.1 3.795973e-01
1X6333AjlMs 1 0 0.96 3.789516e-01
1mjoo_XQVZI 0 0 0.24 3.760986e-01
49wCa7kPUfA 0 0 0.1 3.715805e-01
-HUkS8zNuuI 1 0 0.73 3.706388e-01
5ip2qhQy6w8 1 0 0.95 3.682161e-01
-GulHMmrt-o 0 0 0.17 3.673742e-01
41NKQFiPWS4 0 0 0.1 3.619090e-01
0QLovZrWLvY 1 0 0.82 3.602579e-01
5iM2Ob_Eaec 0 0 0.01 3.601095e-01
0RAHikS9fvQ 1 0 0.92 3.450091e-01
-_NlReHSyZ4 1 0 0.38 3.374511e-01
4rZ907xLb_U 0 0 0.15 3.373224e-01
-wnhmxNlhXE 0 0 0.12 3.365607e-01
0I0T-JENkhg 1 0 0.26 3.315000e-01
4NlUzXHDVOE 0 0 0.19 3.314496e-01
-TSK5P5OZOM 0 0 0.16 3.296347e-01
-Vif0do57AQ 1 0 0.93 3.276237e-01
5kDUMLnSyp4 0 0 0.26 3.226945e-01
-k9a8MS8g0g 0 0 0.2 3.197242e-01
4dEmcbbe_YY 1 0 0.9 3.154489e-01
0Nb45QzPOmk 1 0 0.91 3.113398e-01
4FsWN72u7PY 0 0 0.13 3.068803e-01
1vBN_rntrpk 1 0 0.93 3.047786e-01
16mW_ij3jSY 1 0 0.82 3.042611e-01
1vCnPYalC5k 1 0 0.77 2.983729e-01
5DT3BGNdlYM 0 0 0.25 2.957757e-01
1xHaYAk4_1A 0 0 0.07 2.922344e-01
1nOEO3qlea0 1 0 0.9 2.910185e-01
3lsFCcZM46k 0 0 0.13 2.848203e-01
0R2vlCPga04 0 0 0.21 2.826246e-01
0qCD3Jdw_ys 0 0 0.09 2.751837e-01
-Ji3RM-lTaU 0 0 0.1 2.737922e-01
3lqtGGv6JRw 0 0 0.07 2.551093e-01
4A8793H627I 1 0 0.51 2.550676e-01
3st3MlL2vbY 0 0 0.07 2.546350e-01
4bqYemOSlvY 1 0 0.84 2.426353e-01
0RbuY3CskEU 0 0 0.08 2.411591e-01
1GwFBPb8SX8 1 0 0.89 2.406932e-01
0kNYQ20gFjM 0 0 0.23 2.403137e-01
-HlRKWK9clo 0 0 0.14 2.394132e-01
3mZ8HfxY8KY 1 0 0.82 2.390342e-01
1WF8FMitboA 0 0 0.18 2.388670e-01
40MwwJyIpy4 1 0 0.97 2.374047e-01
5KXICXmKpZc 0 0 0.1 2.370855e-01
5Z94lx53hx8 1 0 0.91 2.367141e-01
4gt4BYxY2wg 1 0 0.89 2.353636e-01
5MMNiyLpyow 1 0 0.97 2.294292e-01
-mrg30x9fDQ 1 0 0.77 2.291618e-01
-PPxVQvJHqw 1 0 0.85 2.279652e-01
4KIG86cHnNw 0 0 0.02 2.236108e-01
4CHZeVizxcs 0 0 0.1 2.224990e-01
3qxfZZb9Jz4 0 0 0.17 2.215309e-01
47T1YHJ16a8 1 0 0.67 2.172431e-01
3r4CvYo6tWM 0 0 0.17 2.160528e-01
10Vd5F_ooXU 0 0 0.13 2.143672e-01
4AJPMarIzqc 0 0 0.14 2.135973e-01
0GYhYV0lIgM 1 0 0.87 2.129288e-01
-LJYa2YIdLk 0 0 0.09 2.123683e-01
5dUUq1VFf1k 1 0 0.91 2.115992e-01
1rc0JB7AHi0 0 0 0.18 2.020871e-01
51-EIHS-KpE 0 0 0.13 2.008869e-01
4boGRpL0OwI 1 0 0.91 1.979429e-01
1c7ddH8_OY4 1 0 0.8 1.948073e-01
0cYa-dZzlEo 0 0 0.09 1.947259e-01
-KyJApAwKug 0 0 0.12 1.936123e-01
3wwdOUMQ-cQ 1 0 0.95 1.922396e-01
5-YHieEhdT4 0 0 0.12 1.872496e-01
0S_yZerJKr8 1 0 0.79 1.854773e-01
-Lfhpm1GDmA 0 0 0.21 1.841835e-01
5NF3zOxikqg 0 0 0.11 1.797871e-01
4Bu8JSnrHPM 0 0 0.08 1.783478e-01
1Yje_lnKDHc 1 0 0.46 1.768608e-01
-qoBKqFZXME 0 0 0.14 1.763520e-01
5aw_ICo5Deg 0 0 0.09 1.759204e-01
53fvufynmVY 0 0 0.06 1.752475e-01
1rc0YmHCO0g 1 0 0.91 1.730011e-01
5jvIRPG0pXI 1 0 0.81 1.709179e-01
-l38EuwPz_o 0 0 0.16 1.699556e-01
1tlPk2-OX0A 0 0 0.14 1.638713e-01
3y1PnXLbibw 0 0 0.21 1.632733e-01
5eU0dxNcJ_A 0 0 0.09 1.611675e-01
4sZ9c-H54mU 0 0 0.16 1.590551e-01
48VkqmoSTgY 0 0 0.1 1.528681e-01
-_ZKKDqRQvQ 0 0 0.19 1.501101e-01
5_JvLWbN9so 0 0 0.1 1.468219e-01
4-nOnb56gSg 0 0 0.2 1.467367e-01
5KA1TLCl8Vc 0 0 0.22 1.445735e-01
4eBu6ennrLE 0 0 0.11 1.440327e-01
040qf3RJ0kw 0 0 0.1 1.433328e-01
0pwtpPm-uxU 0 0 0.15 1.428970e-01
0OrvLqmlhEY 1 0 0.89 1.425229e-01
55AHzTR_i2k 0 0 0.19 1.423073e-01
-lE3PMRuOck 0 0 0.04 1.422935e-01
1T1Mtw5pn4Q 1 0 0.64 1.394272e-01
4TT61PQ0eB8 0 0 0.22 1.374080e-01
-L6-i9rkW6Q 0 0 0.28 1.372671e-01
1heI9Qj9dl0 1 0 0.91 1.372365e-01
4DHEKpzD2YU 1 0 0.97 1.370469e-01
4T2Ka5cH7CE 1 0 0.68 1.357678e-01
4-xQGlipgCs 0 0 0.2 1.352341e-01
4E050kdAj3o 1 0 0.81 1.345644e-01
1tPQkymCaig 0 0 0.08 1.326440e-01
-z6JfzkJuCM 0 0 0.11 1.323161e-01
0LkC2cE7LXQ 0 0 0.06 1.218394e-01
1WO9GU2_RkI 0 0 0.06 1.208047e-01
1LaJwL9hbIk 0 0 0.14 1.195333e-01
-ZHTdGqEqSY 0 0 0.15 1.171720e-01
1HSvIXFg9GU 0 0 0.01 1.162765e-01
-xZiKi1JCfU 0 0 0.07 1.154991e-01
5asyMt9Upfk 0 0 0.16 1.152166e-01
10eF2Y1vtSU 0 0 0.09 1.133716e-01
4kwIQKP4FH0 0 0 0.07 1.128565e-01
4ZB44ewdXz0 1 0 0.96 1.124629e-01
5EmzbJXWhEo 0 0 0.1 1.121636e-01
5HOIjy-lMYQ 0 0 0.16 1.114039e-01
0mTAQI7w8sc 0 0 0.07 1.083287e-01
3xzA0_48Oag 0 0 0.08 1.081013e-01
1uVHrhWcOag 0 0 0.11 1.048683e-01
1fzHD46wRwo 0 0 0.25 1.047166e-01
1eJgWtyh6gs 0 0 0.08 1.043410e-01
16EYRx8Xjz4 0 0 0.04 1.020859e-01
4GWSzPYLtRc 0 0 0.14 1.015517e-01
1-7eYsFYZRQ 0 0 0.25 1.012986e-01
-vmZoo8j-AM 0 0 0.19 1.007070e-01
0U2VusI6ZoU 0 0 0.27 1.001386e-01
0rh581E2L10 0 0 0.15 9.948594e-02
0EwtL2yr0y8 0 0 0.19 9.838765e-02
15YWLcStacI 0 0 0.1 9.833023e-02
0oLlm3K6B6s 0 0 0.06 9.304125e-02
4FUhj80606E 0 0 0.3 9.280520e-02
1Y-81NlDroA 0 0 0.07 9.222106e-02
03OSTDJYfRc 1 0 0.86 8.990028e-02
4AdZhiQ2OrE 0 0 0.18 8.949948e-02
-RLHh9xmWOk 0 0 0.08 8.888944e-02
-il6LgZdrjk 0 0 0.06 8.833064e-02
4fAeA-6p3J4 0 0 0.12 8.820667e-02
4vcgZXnfMGk 0 0 0.22 8.811423e-02
1GR63Uu55dM 0 0 0.15 8.705006e-02
5Og7NM5f3P8 0 0 0.05 8.670250e-02
55QYOWgSe5o 0 0 0.13 8.637793e-02
3vTCMGkcYqY 0 0 0.08 8.476779e-02
1GmLltOvrvw 0 0 0.15 8.333265e-02
-l51YfJQUyk 1 0 0.22 8.239749e-02
5Feyp5jr5rg 0 0 0.05 8.028651e-02
5LL8ktVpW1o 1 0 0.81 7.957539e-02
1_bgKeogKe4 0 0 0.17 7.813208e-02
4-rk82sZNJo 0 0 0.05 7.796721e-02
-hpHjpbUrMs 0 0 0.04 7.674064e-02
-gruAlxQu2M 0 0 0.25 7.580991e-02
0Tv4Bcxvg0I 0 0 0.09 7.570862e-02
56D6pZHezSk 0 0 0.05 7.511183e-02
56Dbp9JCxbE 0 0 0.11 7.485666e-02
03W_dNb7JLs 0 0 0.13 7.418752e-02
43YMjaK5G80 0 0 0.13 7.384570e-02
4UEu2WkMNjQ 0 0 0.16 7.367501e-02
5G9oWmwz748 0 0 0.07 7.334804e-02
1szFX8polKo 0 0 0.22 7.306897e-02
5FY1SJSxbOg 1 0 0.88 7.122530e-02
4DT1hrO78lc 0 0 0.12 7.056661e-02
4sMbu2Pr6xA 1 0 0.79 7.004795e-02
4rW4rp54xyA 0 0 0.05 6.953192e-02
08e5rB2zFPQ 0 0 0.05 6.929787e-02
0SBHkS5ho3M 0 0 0.09 6.910098e-02
02mpJUpG0TI 0 0 0.17 6.898402e-02
0o6J-2USwwE 0 0 0.14 6.880026e-02
0uMotNq_0Hs 0 0 0.08 6.839370e-02
-uuDiQU1wOM 1 0 0.89 6.833292e-02
5Ha1thvsfeU 0 0 0.06 6.781289e-02
-tqFKio99ho 1 0 0.87 6.766382e-02
1sEURubw07c 0 0 0.11 6.755502e-02
-l6eSOvKgEw 0 0 0.39 6.700818e-02
0ZkZhR7F7Lo 1 0 0.74 6.694205e-02
-ltzj95e68M 0 0 0.04 6.620678e-02
0wGQgwMBfcA 0 0 0.1 6.592635e-02
1fjm4EFOck0 0 0 0.11 6.503541e-02
5NIGy3JWZiM 0 0 0.09 6.471836e-02
0kIDeKrPBUU 0 0 0.16 6.414013e-02
3nQzbKPkmJk 1 0 0.6 6.316080e-02
5-VyMa3qYKs 0 0 0.06 6.315923e-02
1MNWQB9jrRs 0 0 0.21 6.192524e-02
-eMJy35xy9U 0 0 0.13 6.173265e-02
4qqwA9HdASg 0 0 0.24 6.140322e-02
-QdiNtL6JwQ 1 0 0.93 6.109234e-02
1qTRhb3Wd8c 0 0 0.1 6.088284e-02
0NdRoZh-2zU 0 0 0.09 6.086262e-02
0TmXTuJA2gE 0 0 0.09 6.082032e-02
-Kmr0E3lNoA 0 0 0.32 6.061026e-02
1TeWQFee-bM 0 0 0.13 6.059697e-02
48Si6W1aVXg 0 0 0.11 6.053167e-02
5FvSv-IE6Tc 0 0 0.06 6.029022e-02
0lUicrX8hu4 1 0 0.9 6.005984e-02
03ZBMuALda0 0 0 0.1 6.002952e-02
5hONeYrHLg8 0 0 0.14 5.964775e-02
01hi-bIJI0Y 1 0 0.41 5.901220e-02
5g8ay9J2ayI 0 0 0.08 5.877590e-02
-WJwnl2T_4Q 0 0 0.25 5.866417e-02
1MopV-J2KoA 0 0 0.06 5.844095e-02
13v1xtWtueo 0 0 0.11 5.815976e-02
-MUM3XyqEFg 0 0 0.11 5.788359e-02
1PnSatLeG0s 0 0 0.14 5.667069e-02
5YTQCkuJIbc 0 0 0.26 5.642667e-02
-miQHtfAWI0 1 0 0.43 5.551648e-02
0fjJyRfA3W8 0 0 0.16 5.548906e-02
4Hy36KsEpeI 0 0 0.16 5.478646e-02
-kPG1z_pFDk 0 0 0.06 5.450322e-02
4tmV8OLquf0 0 0 0.22 5.426943e-02
13JGk2W9qvw 0 0 0.16 5.415645e-02
-Ms77NxhSFE 0 0 0.12 5.386832e-02
0IPZHPr-EtQ 0 0 0.04 5.322396e-02
0LkBOWLX83w 0 0 0.16 5.225969e-02
53a_8hJh-tA 1 0 0.79 5.206917e-02
4f99RLGDTEs 0 0 0.1 5.195582e-02
4e_-W453Kys 0 0 0.05 5.193385e-02
0vd5DX-LPmc 0 0 0.28 5.110206e-02
42rzULyT67A 0 0 0.11 5.081551e-02
1fkOYUKtQyI 0 0 0.13 5.038365e-02
552JFboN8QU 0 0 0.12 4.765208e-02
-SNs9Wkk9Us 1 0 0.87 4.600395e-02
5Zs5h0VkNgs 0 0 0.09 4.572456e-02
07cyOPE9t4A 0 0 0.06 4.549955e-02
1eTXKB8ecm4 0 0 0.13 4.517448e-02
11dArtopIbw 0 0 0.15 4.475246e-02
-mX0pMDmZhQ 0 0 0.28 4.469196e-02
3uHbEfH2Ezs 0 0 0.13 4.418338e-02
0eUrJ0Z28LI 0 0 0.08 4.401877e-02
1jm-VEgQYH8 0 0 0.06 4.358845e-02
4-OxtLvke7E 0 0 0.18 4.341141e-02
-u9Rs3bvXOk 0 0 0.06 4.260666e-02
-jRgxRLkTIA 0 0 0.09 4.247530e-02
41NJZqvGUZM 0 0 0.04 4.221959e-02
-vqHOULV0iU 0 0 0.06 4.210501e-02
4jIzY8xz-1I 0 0 0.01 4.205527e-02
5OsPG3rjb1U 0 0 0.17 4.202269e-02
5PBhEQQcUeg 0 0 0.11 4.134648e-02
-lCErNwhLbg 0 0 0.19 4.047394e-02
1W42V_boVcI 0 0 0.06 4.033490e-02
-R50rxfghjg 0 0 0.13 3.980096e-02
11d_QiocQqg 1 0 0.54 3.973134e-02
4qqST8BqJ9s 0 0 0.2 3.898532e-02
-ix4wo72Gy0 0 0 0.09 3.888652e-02
3uKTmbhhxFM 0 0 0.08 3.858042e-02
5d52KIzJ_gE 0 0 0.14 3.799205e-02
4HTQXdEUsO4 0 0 0.04 3.580272e-02
-yjHK_imtKw 0 0 0.17 3.556039e-02
-mxGH7o1thM 1 0 0.96 3.514488e-02
0BeFeDU7RK0 0 0 0.11 3.509647e-02
4Yi9tMSEGh8 0 0 0.18 3.424478e-02
0mdRYnaSB1Y 0 0 0.19 3.421937e-02
0YytkZJx-VE 0 0 0.17 3.407959e-02
5SwHJnHHOk8 0 0 0.12 3.363181e-02
4zZgZp0HuB0 0 0 0.19 3.347480e-02
4AtTz8uD0hU 0 0 0.05 3.300451e-02
0krhPX4fjqY 0 0 0.22 3.238161e-02
3n5FA0jseMw 0 0 0.32 3.201965e-02
1wBYmhN0Uqc 0 0 0.03 3.201069e-02
1nvyJZv9pk8 0 0 0.01 3.153829e-02
-qFg_TAe9H0 0 0 0.13 3.146089e-02
1QawHxCZQ9g 0 0 0.1 3.124638e-02
1kK2_lpHaEE 0 0 0.13 3.116823e-02
4-6OUHdonjU 0 0 0.06 3.097571e-02
-L3v8-poBa4 0 0 0.09 3.068127e-02
5Na80JHngzc 0 0 0.05 3.048931e-02
-MpxXh4TGyg 0 0 0.07 3.037093e-02
0EX1twiwKVU 0 0 0.05 3.031465e-02
1tYoC0J8058 0 0 0.06 3.022612e-02
4Aqz1W3QC08 0 0 0.07 3.018574e-02
00KeOQP3F4A 0 0 0.1 3.005229e-02
1VoNKxGhiUk 0 0 0.09 2.965000e-02
4K38i8cQ2Ok 0 0 0.06 2.948031e-02
16gPtbkbvAQ 0 0 0.09 2.920175e-02
-MC21SfN7JQ 0 0 0.1 2.884162e-02
5czVWjGOXFY 0 0 0.03 2.868728e-02
3sJ6EDrvILw 0 0 0.05 2.832111e-02
0QGtPTzwZi8 0 0 0.17 2.826900e-02
09TB9IoSpXQ 0 0 0.08 2.803909e-02
0Ec9GyJAEjY 0 0 0.29 2.759837e-02
00b6k17zCTw 0 0 0.11 2.758975e-02
-_h8Cnmx7rA 0 0 0.08 2.717336e-02
3rbg8mdOHlE 0 0 0.03 2.714790e-02
-yXCNmqGQ0M 0 0 0.16 2.705765e-02
47P0Fy-DYnI 0 0 0.06 2.682466e-02
4zZuvq3GLe4 0 0 0.08 2.678580e-02
4N2ePx-jhfc 0 0 0.11 2.673978e-02
3zh_Jijhwsg 0 0 0.07 2.507943e-02
41stW8wFb1g 0 0 0.07 2.469279e-02
44wyEoU_uQQ 0 0 0.04 2.440263e-02
0PqXAWG-SF0 0 0 0.11 2.419678e-02
03FF1Sz53YU 0 0 0.08 2.399177e-02
5PKh_veiSk8 0 0 0.03 2.374568e-02
17pdZNQSr1c 0 0 0.03 2.351978e-02
3p03pWB7Nfk 0 0 0.1 2.351884e-02
5YegKcusCZY 0 0 0.09 2.344113e-02
01Tn0Fvc1bA 0 0 0.05 2.336765e-02
4wOU_IjpXrI 0 0 0.13 2.303135e-02
1QLKbPg0DOw 1 0 0.87 2.301098e-02
4huGwAxwOl8 0 0 0.1 2.284871e-02
1pAWjZmIoJE 0 0 0.08 2.283420e-02
-MNcDq1dw7M 0 0 0.25 2.275153e-02
4w_XPQq-4sA 0 0 0.07 2.172915e-02
10IQS2X6DQo 0 0 0.07 2.166217e-02
-_wOEpl15YU 0 0 0.08 2.119053e-02
1c8axb3BuYQ 0 0 0.09 2.078052e-02
-qS8FbH1TT8 0 0 0.09 2.077093e-02
092BG73R0ak 0 0 0.1 2.073571e-02
42D6R8Es3sI 0 0 0.12 2.025198e-02
52cdhl5xrd0 0 0 0.05 2.016757e-02
-YwWgR1m8_Y 0 0 0.05 1.989721e-02
-sf8idyg5CM 0 0 0.1 1.966603e-02
4ynyIk76f44 0 0 0.14 1.952789e-02
5VRr4q5Ay-E 0 0 0.13 1.920988e-02
13w-Autf9E0 0 0 0.09 1.867187e-02
5Jpkz0wWC58 0 0 0.2 1.833654e-02
-pPSM_rMu2k 1 0 0.25 1.823938e-02
0c3EDq4VzRY 0 0 0.08 1.782176e-02
4pL08UrfewI 0 0 0.13 1.780062e-02
4O3KMph3sGI 0 0 0.19 1.742700e-02
5acGSsTALyE 0 0 0.13 1.710626e-02
1o1SsjxXRic 0 0 0.05 1.677833e-02
-U4i44fVZJE 0 0 0.1 1.647961e-02
10JM_YStYpw 0 0 0.11 1.618721e-02
0KR4T_B02FM 0 0 0.12 1.582912e-02
5CNtVGHdXT4 0 0 0.1 1.575121e-02
43ktQ_KevUI 0 0 0.16 1.557255e-02
5ji8HPmVa-4 0 0 0.11 1.528524e-02
3tvkEyPXZmg 0 0 0.12 1.525552e-02
-0n50a7seNI 0 0 0.11 1.524900e-02
4CgaTAi4nqI 0 0 0.07 1.492655e-02
5K7yt36R04w 0 0 0.06 1.442046e-02
1UMaCbZx3Ag 0 0 0.13 1.440315e-02
4w06G6-A2wE 0 0 0.08 1.437689e-02
1UOyF1IFalA 0 0 0.13 1.430025e-02
1bgJ0OwlKV8 0 0 0.11 1.422418e-02
-PuJSys8oMk 0 0 0.06 1.414517e-02
55KSDnO2C7k 0 0 0.05 1.412783e-02
4hqg0XEyrPQ 0 0 0.03 1.400408e-02
3wpEAM9W7y4 0 0 0.29 1.311256e-02
1ptvHLoDv10 0 0 0.12 1.308148e-02
0FVTdhNmjM0 0 0 0.14 1.265198e-02
5QFKdgZFmyw 0 0 0.16 1.249632e-02
1Eb0pg65f3s 0 0 0.32 1.238749e-02
1HkloCaFwyo 0 0 0.13 1.216113e-02
4V0VOawQ5dg 0 0 0.07 1.210725e-02
-YeuVmchu-M 0 0 0.2 1.184654e-02
5BUSnX3g-EM 0 0 0.13 1.139919e-02
-TYedWQk1oE 0 0 0.08 1.094234e-02
-UIxNxlvapk 0 0 0.05 1.010095e-02
-jj2nXYoFYE 0 0 0.17 9.417148e-03
3mW29k5qTZM 0 0 0.16 8.894839e-03
116IZnYNzx4 0 0 0.11 8.706017e-03
4U97-jCnWUc 0 0 0.11 8.580011e-03
1wOj7xTYj5U 0 0 0.13 8.075980e-03
4aTkHVdoqkw 0 0 0.25 7.476138e-03
-pPfQ3hd6oA 0 0 0.11 7.475043e-03
46fVxPS0n2c 0 0 0.09 7.198646e-03
3ogSC8TdIxQ 1 0 0.53 7.189747e-03
41UaPRP4SNc 0 0 0.03 7.106227e-03
16PCLyl_H48 0 0 0.15 6.986394e-03
52JVAhy3FWE 0 0 0.08 6.625829e-03
48grDvwpfOM 1 0 0.84 5.821840e-03
-m6ac6w-r3o 0 0 0.09 5.558897e-03
19IeCfVdkDM 0 0 0.13 5.250245e-03
5QSH4TuOcb0 0 0 0.09 4.663801e-03
5b-nhaF7Ga0 0 0 0.15 4.564511e-03
1uL25kL7jHw 0 0 0.1 4.188992e-03
3pOGUKrMseg 0 0 0.18 3.656304e-03
-JNXp8A55s8 0 0 0.05 3.379506e-03
0yT5fffr4kg 0 0 0.13 2.223352e-03
5KJvO3BkcXE 0 0 0.1 1.435567e-03
4zTezvXow6w 0 0 0.09 1.397218e-03
