55KSDnO2C7k 1 1 0.94 9.968835e-01
-u9Rs3bvXOk 1 1 0.9 9.809891e-01
41UaPRP4SNc 1 1 0.89 9.797709e-01
-PuJSys8oMk 1 1 0.89 9.797580e-01
0TmXTuJA2gE 1 1 0.96 9.749896e-01
-pPfQ3hd6oA 1 1 0.72 9.739390e-01
0PqXAWG-SF0 1 1 0.88 9.691814e-01
-L3v8-poBa4 1 1 0.95 9.667201e-01
5Og7NM5f3P8 1 1 0.82 9.646346e-01
3p03pWB7Nfk 1 1 0.84 9.640833e-01
5PKh_veiSk8 1 1 0.93 9.640129e-01
44wyEoU_uQQ 1 1 0.93 9.586527e-01
1eTXKB8ecm4 1 1 0.9 9.584834e-01
4HTQXdEUsO4 1 1 0.95 9.581521e-01
00KeOQP3F4A 1 1 0.87 9.576239e-01
4GWSzPYLtRc 1 1 0.87 9.544503e-01
-_h8Cnmx7rA 1 1 0.95 9.518652e-01
1HSvIXFg9GU 1 1 0.88 9.515592e-01
-eMJy35xy9U 1 1 0.92 9.502672e-01
10IQS2X6DQo 1 1 0.93 9.499125e-01
0fjJyRfA3W8 1 1 0.93 9.496809e-01
-TYedWQk1oE 1 1 0.95 9.485347e-01
1nvyJZv9pk8 1 1 0.93 9.460364e-01
4jIzY8xz-1I 1 1 0.92 9.419352e-01
1fjm4EFOck0 1 1 0.97 9.384920e-01
0IPZHPr-EtQ 1 1 0.94 9.380973e-01
10eF2Y1vtSU 1 1 0.87 9.377145e-01
3sJ6EDrvILw 1 1 0.9 9.367157e-01
17pdZNQSr1c 1 1 0.88 9.365739e-01
4pL08UrfewI 1 1 0.78 9.346924e-01
-m6ac6w-r3o 1 1 0.97 9.319873e-01
5CNtVGHdXT4 1 1 0.9 9.312268e-01
1MopV-J2KoA 1 1 0.96 9.284981e-01
41stW8wFb1g 1 1 0.92 9.274743e-01
-sf8idyg5CM 1 1 0.94 9.271844e-01
-Ji3RM-lTaU 1 1 0.92 9.268545e-01
1VoNKxGhiUk 1 1 0.95 9.263934e-01
-qFg_TAe9H0 1 1 0.91 9.261781e-01
3uKTmbhhxFM 1 1 0.93 9.252584e-01
56D6pZHezSk 1 1 0.95 9.251281e-01
0Tv4Bcxvg0I 1 1 0.92 9.249617e-01
1wBYmhN0Uqc 1 1 0.92 9.246211e-01
5eU0dxNcJ_A 1 1 0.95 9.224140e-01
-xZiKi1JCfU 1 1 0.9 9.220286e-01
16EYRx8Xjz4 1 1 0.92 9.198268e-01
-_wOEpl15YU 1 1 0.93 9.185033e-01
0SBHkS5ho3M 1 1 0.94 9.146340e-01
0kNYQ20gFjM 1 1 0.86 9.143018e-01
4AtTz8uD0hU 1 1 0.89 9.138100e-01
1QawHxCZQ9g 1 1 0.87 9.132714e-01
0wGQgwMBfcA 1 1 0.87 9.127350e-01
-ix4wo72Gy0 1 1 0.93 9.109236e-01
5YegKcusCZY 1 1 0.88 9.102012e-01
48Si6W1aVXg 1 1 0.94 9.082178e-01
3xzA0_48Oag 1 1 0.92 9.074719e-01
52cdhl5xrd0 1 1 0.85 9.039798e-01
040qf3RJ0kw 1 1 0.93 9.024545e-01
-MpxXh4TGyg 1 1 0.94 9.010121e-01
1jm-VEgQYH8 1 1 0.84 8.992484e-01
0cYa-dZzlEo 1 1 0.89 8.948764e-01
10JM_YStYpw 1 1 0.83 8.916262e-01
0NdRoZh-2zU 1 1 0.93 8.869818e-01
-GulHMmrt-o 1 1 0.9 8.851654e-01
5g8ay9J2ayI 1 1 0.93 8.849350e-01
4w06G6-A2wE 1 1 0.94 8.838063e-01
13w-Autf9E0 1 1 0.94 8.836968e-01
1Y-81NlDroA 1 1 0.95 8.833027e-01
4wSUnjlW35Y 0 1 0.29 8.812341e-01
-ZHTdGqEqSY 1 1 0.93 8.799585e-01
4hqg0XEyrPQ 1 1 0.88 8.798574e-01
5Feyp5jr5rg 1 1 0.93 8.786954e-01
0c3EDq4VzRY 1 1 0.94 8.780748e-01
55QYOWgSe5o 1 1 0.94 8.776086e-01
1eJgWtyh6gs 1 1 0.95 8.774926e-01
03ZBMuALda0 1 1 0.93 8.765209e-01
03W_dNb7JLs 1 1 0.87 8.717471e-01
0krhPX4fjqY 1 1 0.63 8.706405e-01
-il6LgZdrjk 1 1 0.92 8.663964e-01
43ac7z1GvpI 1 1 0.95 8.658794e-01
4-rk82sZNJo 1 1 0.95 8.618096e-01
-hpHjpbUrMs 1 1 0.93 8.576749e-01
5LL8ktVpW1o 0 1 0.41 8.569358e-01
4N2ePx-jhfc 1 1 0.92 8.530093e-01
03FF1Sz53YU 1 1 0.95 8.515179e-01
0LkC2cE7LXQ 1 1 0.9 8.500292e-01
1HkloCaFwyo 1 1 0.94 8.457784e-01
10Vd5F_ooXU 1 1 0.96 8.422569e-01
-_ZKKDqRQvQ 1 1 0.84 8.404404e-01
5-YHieEhdT4 1 1 0.93 8.296283e-01
5Ha1thvsfeU 1 1 0.78 8.283086e-01
1wOj7xTYj5U 1 1 0.74 8.260462e-01
1WO9GU2_RkI 1 1 0.96 8.232199e-01
46fVxPS0n2c 1 1 0.76 8.198750e-01
0pwtpPm-uxU 1 1 0.89 8.192476e-01
-kPG1z_pFDk 1 1 0.96 8.143337e-01
09TB9IoSpXQ 1 1 0.94 8.108089e-01
4zZuvq3GLe4 1 1 0.91 7.939544e-01
4Aqz1W3QC08 1 1 0.89 7.934392e-01
5-VyMa3qYKs 1 1 0.9 7.926555e-01
5czVWjGOXFY 1 1 0.94 7.905025e-01
48VkqmoSTgY 1 1 0.92 7.836153e-01
0EX1twiwKVU 1 1 0.84 7.829559e-01
53fvufynmVY 1 1 0.93 7.782537e-01
0e8dQCtnWBQ 0 1 0.12 7.758778e-01
04liAs0D358 0 1 0.16 7.669564e-01
5_JvLWbN9so 1 1 0.97 7.580517e-01
4eBu6ennrLE 1 1 0.94 7.540600e-01
4gt4BYxY2wg 0 1 0.19 7.497053e-01
-WJwnl2T_4Q 1 1 0.69 7.489121e-01
-miQHtfAWI0 0 1 0.76 7.287186e-01
4K38i8cQ2Ok 1 1 0.86 7.261889e-01
1PnSatLeG0s 1 1 0.92 7.214449e-01
3zh_Jijhwsg 1 1 0.88 7.211585e-01
5QSH4TuOcb0 1 1 0.97 7.210205e-01
-l38EuwPz_o 1 1 0.89 7.127442e-01
116IZnYNzx4 1 1 0.84 7.103095e-01
3lqtGGv6JRw 1 1 0.93 7.070075e-01
4ggpqFQ-4dY 1 1 0.89 7.006852e-01
5aw_ICo5Deg 1 1 0.82 6.954245e-01
07cyOPE9t4A 1 1 0.94 6.938615e-01
0Nb45QzPOmk 0 1 0.21 6.850674e-01
1tYoC0J8058 1 1 0.95 6.807201e-01
1u88HrLz_k4 0 1 0.39 6.804862e-01
5Zs5h0VkNgs 1 1 0.9 6.797769e-01
4Yi9tMSEGh8 1 1 0.8 6.789331e-01
0mdRYnaSB1Y 1 1 0.84 6.722598e-01
5K7yt36R04w 1 1 0.88 6.693041e-01
-HlRKWK9clo 1 1 0.92 6.638619e-01
1GmLltOvrvw 1 1 0.92 6.599931e-01
5MMNiyLpyow 0 1 0.06 6.594274e-01
13JGk2W9qvw 1 1 0.82 6.574100e-01
0ZkZhR7F7Lo 0 1 0.23 6.541711e-01
1tlPk2-OX0A 1 1 0.78 6.527276e-01
-KyJApAwKug 1 1 0.95 6.483640e-01
0qCD3Jdw_ys 1 1 0.9 6.477443e-01
1uL25kL7jHw 1 1 0.87 6.453494e-01
4fAeA-6p3J4 1 1 0.92 6.393373e-01
1EQ_2MPdqYs 1 1 0.83 6.278209e-01
4Bu8JSnrHPM 1 1 0.92 6.243757e-01
-lE3PMRuOck 1 1 0.79 6.143855e-01
3vTCMGkcYqY 1 1 0.97 6.127360e-01
42zdZwia7zE 0 1 0.22 6.036784e-01
1erKh-yl0Ng 0 1 0.11 6.005691e-01
-jRgxRLkTIA 1 1 0.97 6.004179e-01
1GqfsNyJhVg 0 1 0.14 5.999445e-01
4DHEKpzD2YU 0 1 0.09 5.967004e-01
-UIxNxlvapk 1 1 0.95 5.966976e-01
5G9oWmwz748 1 1 0.93 5.914195e-01
11d_QiocQqg 0 1 0.6 5.911657e-01
4O3KMph3sGI 0 1 0.13 5.896285e-01
3qxfZZb9Jz4 1 1 0.87 5.866347e-01
4kwIQKP4FH0 1 1 0.92 5.816711e-01
-wnhmxNlhXE 1 1 0.96 5.809935e-01
0uMotNq_0Hs 1 1 0.89 5.752320e-01
5NF3zOxikqg 1 1 0.91 5.735376e-01
4-nOnb56gSg 1 1 0.84 5.670096e-01
-LJYa2YIdLk 1 1 0.9 5.623882e-01
5dUUq1VFf1k 0 1 0.1 5.576301e-01
1uVHrhWcOag 1 1 0.92 5.364131e-01
4TL9BKfuqJ0 0 1 0.18 5.356147e-01
4-6OUHdonjU 1 1 0.83 5.254732e-01
4qBq47yL8vA 0 1 0.1 5.230822e-01
3st3MlL2vbY 1 1 0.96 5.147879e-01
1W42V_boVcI 1 1 0.97 5.117286e-01
3rbg8mdOHlE 1 1 0.85 5.089353e-01
1C1uEugmodk 0 0 0.05 5.000000e-01
53b5VJjIWOU 1 0 0.95 5.000000e-01
5Rln_fPIBYs 1 0 0.7 5.000000e-01
1o1SsjxXRic 1 0 0.9 4.922274e-01
1vBN_rntrpk 0 0 0.11 4.839229e-01
-vqHOULV0iU 1 0 0.87 4.777407e-01
1-7eYsFYZRQ 0 0 0.28 4.590428e-01
-HUkS8zNuuI 0 0 0.23 4.441091e-01
4KIG86cHnNw 1 0 0.91 4.368773e-01
-TZncDf7ENs 0 0 0.08 4.329719e-01
41NJZqvGUZM 1 0 0.79 4.310880e-01
1pAWjZmIoJE 1 0 0.86 4.302634e-01
-z6JfzkJuCM 1 0 0.87 4.294545e-01
0eUrJ0Z28LI 1 0 0.89 4.267070e-01
1FP3z5oetdQ 0 0 0.27 4.202938e-01
4UEu2WkMNjQ 1 0 0.95 4.112169e-01
4B3BDXa_VGY 0 0 0.14 4.100654e-01
5Z94lx53hx8 0 0 0.09 4.075292e-01
4ZB44ewdXz0 0 0 0.16 4.023562e-01
1szFX8polKo 0 0 0.12 4.015113e-01
4boGRpL0OwI 0 0 0.14 3.942997e-01
-QdiNtL6JwQ 0 0 0.11 3.758241e-01
5ip2qhQy6w8 0 0 0.08 3.721518e-01
5NIGy3JWZiM 1 0 0.9 3.710704e-01
1aiVdge_vd8 0 0 0.31 3.666230e-01
1xHaYAk4_1A 1 0 0.89 3.587053e-01
-IByByzFDyQ 0 0 0.09 3.581633e-01
-pPSM_rMu2k 0 0 0.23 3.501309e-01
4DT1hrO78lc 1 0 0.78 3.409913e-01
3wpEAM9W7y4 1 0 0.61 3.407831e-01
3ogSC8TdIxQ 0 0 0.24 3.366166e-01
0U2VusI6ZoU 1 0 0.74 3.212400e-01
1--IBh1NhIk 0 0 0.11 3.162811e-01
1S9aybZaqkE 0 0 0.08 3.154022e-01
5asyMt9Upfk 0 0 0.13 3.145002e-01
0rh581E2L10 0 0 0.09 3.130154e-01
4rZ907xLb_U 1 0 0.9 3.085525e-01
5eRUm-6549I 0 0 0.07 3.018836e-01
-qS8FbH1TT8 1 0 0.87 2.940148e-01
4dEmcbbe_YY 0 0 0.24 2.915025e-01
19IeCfVdkDM 0 0 0.12 2.861520e-01
3u2VMvBRDZs 0 0 0.08 2.854091e-01
-uuDiQU1wOM 0 0 0.17 2.825791e-01
3uHbEfH2Ezs 1 0 0.92 2.781004e-01
50xs45jTxPc 0 0 0.18 2.726571e-01
1tPQkymCaig 0 0 0.18 2.631996e-01
5iM2Ob_Eaec 1 0 0.53 2.595301e-01
42D6R8Es3sI 0 0 0.12 2.530547e-01
5PBhEQQcUeg 1 0 0.63 2.488348e-01
0I0T-JENkhg 0 0 0.09 2.467145e-01
4-xQGlipgCs 0 0 0.12 2.460868e-01
4hyR6kgcBnE 0 0 0.22 2.455129e-01
56Dbp9JCxbE 1 0 0.88 2.433134e-01
555HdQHE3j4 0 0 0.08 2.406269e-01
5Na80JHngzc 1 0 0.92 2.406237e-01
092BG73R0ak 0 0 0.04 2.318136e-01
-tqFKio99ho 0 0 0.13 2.297022e-01
0YByiOReG8E 0 0 0.17 2.235744e-01
0R2vlCPga04 0 0 0.18 2.190335e-01
1KTGEaqBm2c 0 0 0.14 2.180942e-01
1c7ddH8_OY4 0 0 0.17 2.159932e-01
4vJr4ftm8Ro 0 0 0.12 2.116936e-01
1WF8FMitboA 0 0 0.19 2.092868e-01
1GR63Uu55dM 1 0 0.85 1.969096e-01
5DT3BGNdlYM 0 0 0.29 1.926810e-01
5EmzbJXWhEo 0 0 0.2 1.884868e-01
-KBYMG0ogFA 0 0 0.14 1.867839e-01
3mZ8HfxY8KY 0 0 0.16 1.820158e-01
-Vif0do57AQ 0 0 0.17 1.818019e-01
4CHZeVizxcs 1 0 0.94 1.810276e-01
1EdbDSHHXKM 0 0 0.16 1.793741e-01
0RbuY3CskEU 1 0 0.97 1.782102e-01
1Oc7QOnOU6k 0 0 0.24 1.719412e-01
01hi-bIJI0Y 0 0 0.2 1.710046e-01
15YWLcStacI 1 0 0.61 1.643817e-01
1ptvHLoDv10 0 0 0.14 1.640049e-01
1BG0ut3-Dps 0 0 0.02 1.626922e-01
0QGtPTzwZi8 0 0 0.1 1.625899e-01
-mrg30x9fDQ 0 0 0.15 1.610086e-01
5b-nhaF7Ga0 0 0 0.1 1.603287e-01
1UOyF1IFalA 0 0 0.09 1.577613e-01
16mW_ij3jSY 0 0 0.13 1.551796e-01
-lCErNwhLbg 0 0 0.12 1.547245e-01
5hONeYrHLg8 0 0 0.12 1.544741e-01
0LkBOWLX83w 1 0 0.75 1.514109e-01
-l51YfJQUyk 0 0 0.25 1.469708e-01
41NKQFiPWS4 1 0 0.89 1.439684e-01
1QLKbPg0DOw 0 0 0.17 1.439462e-01
48grDvwpfOM 0 0 0.37 1.421469e-01
16gPtbkbvAQ 0 0 0.09 1.326613e-01
4E050kdAj3o 0 0 0.18 1.324669e-01
-YwWgR1m8_Y 0 0 0.05 1.307274e-01
3wCt5_px63Y 0 0 0.07 1.291194e-01
0rIuhd4sCRg 0 0 0.14 1.276116e-01
4FUhj80606E 0 0 0.1 1.274882e-01
-l6eSOvKgEw 0 0 0.31 1.264397e-01
-sIuewUzPoE 0 0 0.05 1.252578e-01
5FY1SJSxbOg 0 0 0.34 1.250943e-01
4ZeYfPAAHl0 0 0 0.81 1.216758e-01
5hXiJJwXc3o 0 0 0.04 1.186079e-01
0S_yZerJKr8 0 0 0.08 1.165314e-01
3y1PnXLbibw 0 0 0.25 1.152226e-01
0GYhYV0lIgM 0 0 0.16 1.107240e-01
-k9a8MS8g0g 0 0 0.23 1.086212e-01
0j4Yj6AWHi0 0 0 0.16 1.086132e-01
0RAHikS9fvQ 0 0 0.23 1.082948e-01
0uTBxpgJJuI 1 0 0.8 1.063012e-01
1X6333AjlMs 0 0 0.1 1.058700e-01
55AHzTR_i2k 1 0 0.8 1.054382e-01
3pOGUKrMseg 0 0 0.15 1.038832e-01
5VRr4q5Ay-E 0 0 0.17 1.028471e-01
0XEyBKELKI0 0 0 0.12 1.026448e-01
-kdahZGrC7k 0 0 0.16 9.977705e-02
40MwwJyIpy4 0 0 0.05 9.938452e-02
0kIDeKrPBUU 0 0 0.19 9.710662e-02
4A8793H627I 0 0 0.16 9.611076e-02
0276tzdXxgk 0 0 0.07 9.064388e-02
4TT61PQ0eB8 0 0 0.2 9.022754e-02
3sNm7F1Rb3U 0 0 0.15 8.809997e-02
1DMqa2jDpqA 0 0 0.11 8.656949e-02
1heI9Qj9dl0 0 0 0.19 8.615999e-02
4sZ9c-H54mU 0 0 0.11 8.293249e-02
3n5FA0jseMw 0 0 0.26 8.270258e-02
3nQzbKPkmJk 0 0 0.15 8.041869e-02
-TSK5P5OZOM 0 0 0.1 7.977111e-02
-_NlReHSyZ4 0 0 0.32 7.962217e-02
-vmZoo8j-AM 0 0 0.18 7.874889e-02
47T1YHJ16a8 0 0 0.33 7.787883e-02
0lUicrX8hu4 0 0 0.08 7.754694e-02
15MSK5Nv16k 0 0 0.17 7.686883e-02
41_9GHoDy3Q 0 0 0.06 7.507603e-02
1vCnPYalC5k 0 0 0.27 7.473733e-02
1qTRhb3Wd8c 0 0 0.01 7.383600e-02
4T2Ka5cH7CE 0 0 0.19 7.180932e-02
01Tn0Fvc1bA 0 0 0.08 7.069837e-02
1rTBJJZWgk4 0 0 0.21 7.011191e-02
4ZhVYKwS_hA 0 0 0.12 6.948916e-02
4AdZhiQ2OrE 0 0 0.09 6.727709e-02
-Ms77NxhSFE 0 0 0.09 6.652686e-02
-PPxVQvJHqw 0 0 0.13 6.598108e-02
5SwHJnHHOk8 0 0 0.07 6.546932e-02
4sMbu2Pr6xA 0 0 0.14 6.186622e-02
4e_-W453Kys 0 0 0.07 6.091069e-02
1VDIYqIDuhI 0 0 0.06 6.082657e-02
4qsADJ0pmxM 0 0 0.69 6.037476e-02
0SgEB3BCvGA 0 0 0.18 5.995667e-02
5kDUMLnSyp4 1 0 0.66 5.938624e-02
1eDITCytUf8 0 0 0.07 5.839959e-02
0yT5fffr4kg 0 0 0.06 5.617045e-02
4NlUzXHDVOE 0 0 0.26 5.542616e-02
-U4i44fVZJE 0 0 0.03 5.519443e-02
-xFijZ1ubPg 0 0 0.17 5.228485e-02
0vd5DX-LPmc 0 0 0.16 5.224159e-02
4z5aBO_ql5o 0 0 0.14 5.177698e-02
1rc0YmHCO0g 0 0 0.14 5.097207e-02
03OSTDJYfRc 0 0 0.13 5.039331e-02
-mX0pMDmZhQ 0 0 0.24 4.980109e-02
5acGSsTALyE 0 0 0.1 4.941730e-02
1c8axb3BuYQ 0 0 0.13 4.929529e-02
1_bgKeogKe4 0 0 0.11 4.797181e-02
0F5dZUj7SKE 0 0 0.07 4.661357e-02
1GwFBPb8SX8 0 0 0.12 4.604505e-02
4aTkHVdoqkw 0 0 0.24 4.558140e-02
-l1eGa3VCcw 0 0 0.12 4.406519e-02
4uXBcDPQk8w 0 0 0.22 4.262422e-02
1T1Mtw5pn4Q 0 0 0.24 4.246338e-02
0QLovZrWLvY 0 0 0.14 4.195867e-02
1MNWQB9jrRs 0 0 0.2 4.191332e-02
4Wk8kYxvD8Q 0 0 0.12 4.062026e-02
5jWlH_ZewlA 0 0 0.11 3.965851e-02
0RosoZRG_RM 0 0 0.07 3.950881e-02
4Hy36KsEpeI 0 0 0.1 3.938446e-02
4yR7RnhQ3zI 0 0 0.28 3.924254e-02
1rc0JB7AHi0 0 0 0.15 3.833833e-02
4Zbmyk4raZY 0 0 0.13 3.781828e-02
4CgaTAi4nqI 0 0 0.03 3.755714e-02
4zZgZp0HuB0 0 0 0.15 3.701795e-02
53a_8hJh-tA 0 0 0.17 3.700580e-02
1Eb0pg65f3s 0 0 0.26 3.534124e-02
1sEURubw07c 0 0 0.04 3.411208e-02
0BeFeDU7RK0 0 0 0.07 3.397002e-02
42rzULyT67A 0 0 0.08 3.369222e-02
51b2PbXOc4s 0 0 0.18 3.319373e-02
4ynyIk76f44 0 0 0.11 3.211744e-02
-yXCNmqGQ0M 0 0 0.41 3.168944e-02
-Lfhpm1GDmA 0 0 0.12 3.140651e-02
-0n50a7seNI 0 0 0.09 3.111547e-02
-MUM3XyqEFg 0 0 0.1 3.110012e-02
04NGq2WY4ME 0 0 0.11 3.108420e-02
0YytkZJx-VE 0 0 0.12 3.107694e-02
4zTezvXow6w 0 0 0.04 2.922693e-02
43YMjaK5G80 0 0 0.43 2.921580e-02
1nOEO3qlea0 0 0 0.19 2.892736e-02
1dtLkVmSqtc 0 0 0.12 2.870356e-02
-YeuVmchu-M 0 0 0.08 2.825552e-02
-RLHh9xmWOk 0 0 0.02 2.824211e-02
1Yje_lnKDHc 0 0 0.61 2.690576e-02
5KJvO3BkcXE 0 0 0.07 2.685181e-02
4rW4rp54xyA 1 0 0.25 2.592047e-02
552JFboN8QU 0 0 0.07 2.588136e-02
0o6J-2USwwE 0 0 0.13 2.567966e-02
43U4OIyFaYM 0 0 0.11 2.564563e-02
1fkOYUKtQyI 0 0 0.07 2.541927e-02
08e5rB2zFPQ 0 0 0.12 2.428983e-02
4vcgZXnfMGk 0 0 0.16 2.396509e-02
16PCLyl_H48 0 0 0.06 2.387247e-02
-gruAlxQu2M 0 0 0.31 2.366505e-02
13v1xtWtueo 0 0 0.03 2.227841e-02
3wwdOUMQ-cQ 0 0 0.08 2.214489e-02
0QweaoZDeQ4 0 0 0.24 2.199992e-02
1mjoo_XQVZI 0 0 0.2 2.198639e-02
47P0Fy-DYnI 0 0 0.06 2.164303e-02
3tvkEyPXZmg 0 0 0.03 2.097485e-02
4U97-jCnWUc 0 0 0.03 2.057125e-02
4gY3faaPj_k 0 0 0.07 2.031524e-02
4tvR8ku1SI0 0 0 0.06 2.014821e-02
5YTQCkuJIbc 0 0 0.23 1.951774e-02
3lsFCcZM46k 0 0 0.12 1.930374e-02
-K4hB7LCz_M 0 0 0.76 1.908738e-02
5FvSv-IE6Tc 0 0 0.1 1.881390e-02
4bqYemOSlvY 0 0 0.13 1.864093e-02
-ltzj95e68M 0 0 0.02 1.858378e-02
1fzHD46wRwo 0 0 0.22 1.836498e-02
4FsWN72u7PY 0 0 0.08 1.797619e-02
-yjHK_imtKw 0 0 0.24 1.761358e-02
4qqST8BqJ9s 0 0 0.12 1.729937e-02
-MNcDq1dw7M 0 0 0.25 1.697915e-02
52JVAhy3FWE 0 0 0.07 1.684170e-02
-R50rxfghjg 0 0 0.07 1.682344e-02
4V0VOawQ5dg 0 0 0.02 1.597848e-02
5VVQqhCFW-4 0 0 0.05 1.547975e-02
5cQR_hNLZs4 0 0 0.11 1.465861e-02
0FVTdhNmjM0 0 0 0.1 1.460175e-02
5HOIjy-lMYQ 0 0 0.15 1.458046e-02
1bgJ0OwlKV8 0 0 0.15 1.413110e-02
5jvIRPG0pXI 0 0 0.13 1.291563e-02
0EwtL2yr0y8 0 0 0.16 1.289076e-02
0KR4T_B02FM 0 0 0.09 1.242342e-02
3pqyXX9KdHY 0 0 0.32 1.220456e-02
-JNXp8A55s8 0 0 0.04 1.154875e-02
1UMaCbZx3Ag 0 0 0.09 1.114123e-02
3mW29k5qTZM 0 0 0.17 1.106807e-02
1kK2_lpHaEE 0 0 0.09 1.106054e-02
1KBCFLAUIT0 0 0 0.17 1.086081e-02
4tmV8OLquf0 0 0 0.1 1.077520e-02
49wCa7kPUfA 0 0 0.08 1.073407e-02
43ktQ_KevUI 0 0 0.12 1.027245e-02
-SNs9Wkk9Us 0 0 0.09 1.025141e-02
4f99RLGDTEs 0 0 0.12 1.021490e-02
5BUSnX3g-EM 0 0 0.06 1.011530e-02
0oLlm3K6B6s 0 0 0.13 9.865781e-03
02mpJUpG0TI 0 0 0.07 9.745382e-03
5Cj8K3OzKfc 0 0 0.2 8.946310e-03
0CXPF1jl_Lw 0 0 0.16 8.325746e-03
51-EIHS-KpE 0 0 0.08 8.018265e-03
-Kmr0E3lNoA 0 0 0.26 7.853766e-03
4AJPMarIzqc 0 0 0.06 7.824188e-03
0OrvLqmlhEY 0 0 0.04 7.308636e-03
4w_XPQq-4sA 0 0 0.03 7.246083e-03
4huGwAxwOl8 0 0 0.06 7.172394e-03
11dArtopIbw 0 0 0.06 7.083613e-03
1TeWQFee-bM 0 0 0.07 7.066504e-03
-mxGH7o1thM 0 0 0.02 6.737245e-03
5ji8HPmVa-4 0 0 0.07 6.195000e-03
3r4CvYo6tWM 0 0 0.14 5.981243e-03
-jj2nXYoFYE 0 0 0.15 5.888871e-03
-MC21SfN7JQ 0 0 0.04 5.710917e-03
5KA1TLCl8Vc 0 0 0.15 5.590923e-03
5OsPG3rjb1U 0 0 0.04 5.424024e-03
5KXICXmKpZc 0 0 0.05 5.405363e-03
3nv4cporQ5o 0 0 0.11 5.329853e-03
1LaJwL9hbIk 0 0 0.11 4.991213e-03
0mTAQI7w8sc 0 0 0.03 4.152982e-03
0Ec9GyJAEjY 0 0 0.12 4.097058e-03
4-OxtLvke7E 0 0 0.11 4.022652e-03
5d52KIzJ_gE 0 0 0.06 3.820135e-03
5Jpkz0wWC58 0 0 0.15 2.997779e-03
-L6-i9rkW6Q 0 0 0.12 2.977419e-03
-XchxlnNlDg 0 0 0.07 2.833232e-03
4qqwA9HdASg 0 0 0.19 2.641253e-03
5QFKdgZFmyw 0 0 0.16 2.442622e-03
-qoBKqFZXME 0 0 0.08 2.343127e-03
4wOU_IjpXrI 0 0 0.11 1.928766e-03
-KMioe2JwBE 0 0 0.11 1.135153e-03
00b6k17zCTw 0 0 0.07 5.746065e-04
