5QFKdgZFmyw 1 1 0.58 9.998544e-01
4zTezvXow6w 1 1 0.92 9.998505e-01
4-OxtLvke7E 1 1 0.87 9.990873e-01
4U97-jCnWUc 1 1 0.91 9.990799e-01
5KJvO3BkcXE 1 1 0.87 9.989415e-01
4V0VOawQ5dg 1 1 0.83 9.987670e-01
0Ec9GyJAEjY 1 1 0.87 9.986969e-01
-R50rxfghjg 1 1 0.92 9.985488e-01
4w_XPQq-4sA 1 1 0.91 9.984575e-01
00b6k17zCTw 1 1 0.85 9.984086e-01
1UMaCbZx3Ag 1 1 0.52 9.983002e-01
4huGwAxwOl8 1 1 0.9 9.982680e-01
4qqST8BqJ9s 1 1 0.89 9.979486e-01
4wOU_IjpXrI 1 1 0.91 9.978564e-01
0KR4T_B02FM 1 1 0.9 9.978079e-01
52JVAhy3FWE 1 1 0.87 9.975903e-01
5KA1TLCl8Vc 1 1 0.89 9.975066e-01
1bgJ0OwlKV8 1 1 0.62 9.971232e-01
-jj2nXYoFYE 1 1 0.82 9.967912e-01
16PCLyl_H48 1 1 0.92 9.967720e-01
-MC21SfN7JQ 1 1 0.89 9.962147e-01
5BUSnX3g-EM 1 1 0.93 9.961295e-01
5Jpkz0wWC58 1 1 0.84 9.960480e-01
-YeuVmchu-M 1 1 0.69 9.956839e-01
43ktQ_KevUI 1 1 0.9 9.954020e-01
552JFboN8QU 1 1 0.61 9.952687e-01
4tmV8OLquf0 1 1 0.84 9.950056e-01
4CgaTAi4nqI 1 1 0.88 9.946825e-01
5acGSsTALyE 1 1 0.93 9.944593e-01
49wCa7kPUfA 1 1 0.89 9.936001e-01
0FVTdhNmjM0 1 1 0.84 9.931468e-01
0yT5fffr4kg 1 1 0.92 9.928492e-01
5ji8HPmVa-4 1 1 0.93 9.928389e-01
-0n50a7seNI 1 1 0.91 9.926095e-01
11dArtopIbw 1 1 0.9 9.921565e-01
0YytkZJx-VE 1 1 0.92 9.919775e-01
3tvkEyPXZmg 1 1 0.84 9.913295e-01
3mW29k5qTZM 1 1 0.87 9.911997e-01
-qoBKqFZXME 1 1 0.9 9.908473e-01
-Kmr0E3lNoA 1 1 0.77 9.905434e-01
0mTAQI7w8sc 1 1 0.93 9.903707e-01
-JNXp8A55s8 1 1 0.57 9.896074e-01
0EwtL2yr0y8 1 1 0.52 9.890279e-01
-U4i44fVZJE 1 1 0.91 9.888368e-01
0oLlm3K6B6s 1 1 0.81 9.888005e-01
-L6-i9rkW6Q 1 1 0.74 9.887212e-01
01Tn0Fvc1bA 1 1 0.74 9.840026e-01
51-EIHS-KpE 1 1 0.91 9.819115e-01
4AJPMarIzqc 1 1 0.92 9.812247e-01
5d52KIzJ_gE 1 1 0.76 9.808771e-01
5b-nhaF7Ga0 1 1 0.92 9.788919e-01
43YMjaK5G80 1 1 0.56 9.786586e-01
47P0Fy-DYnI 1 1 0.68 9.765933e-01
4ynyIk76f44 1 1 0.92 9.759470e-01
1LaJwL9hbIk 1 1 0.93 9.758525e-01
4f99RLGDTEs 1 1 0.84 9.751157e-01
4Hy36KsEpeI 1 1 0.91 9.717950e-01
5YTQCkuJIbc 1 1 0.78 9.713443e-01
1fkOYUKtQyI 1 1 0.92 9.709136e-01
092BG73R0ak 1 1 0.92 9.675849e-01
1TeWQFee-bM 1 1 0.9 9.665355e-01
13v1xtWtueo 1 1 0.89 9.658073e-01
0LkBOWLX83w 0 1 0.17 9.653227e-01
5FvSv-IE6Tc 1 1 0.87 9.652453e-01
-MNcDq1dw7M 1 1 0.83 9.641166e-01
4zZgZp0HuB0 1 1 0.91 9.634414e-01
1_bgKeogKe4 1 1 0.94 9.617380e-01
1sEURubw07c 1 1 0.93 9.603449e-01
3wwdOUMQ-cQ 0 1 0.1 9.555662e-01
1c8axb3BuYQ 1 1 0.78 9.550210e-01
1fzHD46wRwo 1 1 0.88 9.537638e-01
5hONeYrHLg8 1 1 0.87 9.533788e-01
1UOyF1IFalA 1 1 0.92 9.515761e-01
48grDvwpfOM 0 1 0.12 9.510842e-01
-ltzj95e68M 1 1 0.93 9.502885e-01
4e_-W453Kys 1 1 0.22 9.465299e-01
0BeFeDU7RK0 1 1 0.7 9.458086e-01
3lsFCcZM46k 1 1 0.92 9.438706e-01
19IeCfVdkDM 1 1 0.73 9.435575e-01
5FY1SJSxbOg 0 1 0.09 9.399989e-01
-yjHK_imtKw 1 1 0.5 9.388069e-01
4aTkHVdoqkw 1 1 0.59 9.328620e-01
1MNWQB9jrRs 1 1 0.86 9.318295e-01
-Lfhpm1GDmA 1 1 0.92 9.306422e-01
-mX0pMDmZhQ 1 1 0.81 9.295725e-01
1ptvHLoDv10 1 1 0.61 9.265706e-01
-l6eSOvKgEw 1 1 0.77 9.249579e-01
4TT61PQ0eB8 1 1 0.68 9.223969e-01
1Eb0pg65f3s 1 1 0.71 9.198404e-01
3r4CvYo6tWM 1 1 0.92 9.174795e-01
5KXICXmKpZc 1 1 0.92 9.171330e-01
4qqwA9HdASg 1 1 0.8 9.067438e-01
1kK2_lpHaEE 1 1 0.59 9.052579e-01
3pOGUKrMseg 1 1 0.82 8.957311e-01
-Ms77NxhSFE 1 1 0.92 8.923538e-01
0vd5DX-LPmc 1 1 0.88 8.815902e-01
-RLHh9xmWOk 1 1 0.84 8.787000e-01
3ogSC8TdIxQ 0 1 0.74 8.638401e-01
5OsPG3rjb1U 1 1 0.76 8.582144e-01
-mxGH7o1thM 0 1 0.05 8.488788e-01
0o6J-2USwwE 1 1 0.92 8.477888e-01
42D6R8Es3sI 1 1 0.81 8.400796e-01
4rW4rp54xyA 0 1 0.25 8.379193e-01
5SwHJnHHOk8 1 1 0.94 8.348085e-01
0kIDeKrPBUU 1 1 0.56 8.263190e-01
42rzULyT67A 1 1 0.91 8.099286e-01
-vmZoo8j-AM 1 1 0.91 8.067058e-01
-k9a8MS8g0g 1 1 0.77 8.065452e-01
5PBhEQQcUeg 0 1 0.23 7.985198e-01
5HOIjy-lMYQ 1 1 0.88 7.941902e-01
-gruAlxQu2M 1 1 0.84 7.940612e-01
4-xQGlipgCs 1 1 0.93 7.813985e-01
02mpJUpG0TI 1 1 0.91 7.793233e-01
4FsWN72u7PY 1 1 0.93 7.788146e-01
-yXCNmqGQ0M 1 1 0.6 7.727999e-01
-SNs9Wkk9Us 0 1 0.1 7.664327e-01
-MUM3XyqEFg 1 1 0.91 7.612389e-01
4vcgZXnfMGk 1 1 0.9 7.586826e-01
1GR63Uu55dM 0 1 0.23 7.506436e-01
4FUhj80606E 1 1 0.76 7.494190e-01
-YwWgR1m8_Y 1 1 0.56 7.382090e-01
0rh581E2L10 1 1 0.92 7.344644e-01
3n5FA0jseMw 1 1 0.85 7.223619e-01
1rc0JB7AHi0 1 1 0.9 7.221310e-01
1WF8FMitboA 1 1 0.72 7.202778e-01
-TSK5P5OZOM 1 1 0.93 7.184484e-01
08e5rB2zFPQ 1 1 0.65 7.021561e-01
1qTRhb3Wd8c 1 1 0.9 6.701845e-01
4O3KMph3sGI 1 1 0.89 6.691253e-01
3nQzbKPkmJk 0 1 0.2 6.402766e-01
4AdZhiQ2OrE 1 1 0.91 6.234934e-01
1pAWjZmIoJE 0 1 0.05 6.010133e-01
40MwwJyIpy4 0 1 0.1 5.675757e-01
5EmzbJXWhEo 1 1 0.9 5.491189e-01
5VRr4q5Ay-E 1 1 0.73 5.235999e-01
5cQR_hNLZs4 0 1 0.14 5.195382e-01
0QGtPTzwZi8 1 0 0.91 4.949389e-01
5Cj8K3OzKfc 0 0 0.13 4.884488e-01
5DT3BGNdlYM 1 0 0.82 4.726542e-01
-l51YfJQUyk 0 0 0.49 4.301573e-01
-_NlReHSyZ4 0 0 0.36 4.294947e-01
1DMqa2jDpqA 0 0 0.11 4.281953e-01
0uTBxpgJJuI 0 0 0.17 4.157717e-01
5asyMt9Upfk 1 0 0.91 4.157372e-01
4sMbu2Pr6xA 0 0 0.21 4.150611e-01
0lUicrX8hu4 0 0 0.09 4.023061e-01
5Zs5h0VkNgs 0 0 0.06 3.934361e-01
3rbg8mdOHlE 0 0 0.06 3.906021e-01
3y1PnXLbibw 1 0 0.73 3.816766e-01
116IZnYNzx4 0 0 0.14 3.810806e-01
0GYhYV0lIgM 0 0 0.09 3.790966e-01
4uXBcDPQk8w 1 0 0.85 3.639756e-01
-K4hB7LCz_M 0 0 0 3.627862e-01
53a_8hJh-tA 0 0 0.32 3.520647e-01
-pPSM_rMu2k 0 0 0.83 3.244770e-01
4CHZeVizxcs 0 0 0.15 3.244293e-01
0OrvLqmlhEY 0 0 0.08 3.224817e-01
4sZ9c-H54mU 1 0 0.93 3.167808e-01
1szFX8polKo 1 0 0.9 3.105970e-01
5Z94lx53hx8 0 0 0.17 3.048098e-01
4Zbmyk4raZY 0 0 0.3 3.014389e-01
-lCErNwhLbg 1 0 0.9 2.918148e-01
5kDUMLnSyp4 0 0 0.36 2.906975e-01
46fVxPS0n2c 0 0 0.18 2.894986e-01
15MSK5Nv16k 1 0 0.66 2.849125e-01
1uL25kL7jHw 0 0 0.17 2.776601e-01
3nv4cporQ5o 0 0 0.26 2.772545e-01
0SgEB3BCvGA 0 0 0.4 2.763392e-01
0CXPF1jl_Lw 0 0 0.18 2.712119e-01
-vqHOULV0iU 0 0 0.09 2.642037e-01
5YegKcusCZY 0 0 0.2 2.633540e-01
4qsADJ0pmxM 0 0 0.07 2.604892e-01
4DHEKpzD2YU 0 0 0.11 2.234528e-01
0QLovZrWLvY 0 0 0.28 2.157136e-01
4hqg0XEyrPQ 0 0 0.07 2.006093e-01
4NlUzXHDVOE 1 0 0.42 1.926297e-01
1heI9Qj9dl0 0 0 0.11 1.832132e-01
1mjoo_XQVZI 1 0 0.82 1.718527e-01
5jvIRPG0pXI 0 0 0.2 1.698882e-01
1nOEO3qlea0 0 0 0.24 1.690789e-01
1-7eYsFYZRQ 1 0 0.85 1.687909e-01
16gPtbkbvAQ 1 0 0.93 1.680809e-01
4DT1hrO78lc 0 0 0.2 1.674832e-01
-KMioe2JwBE 0 0 0.19 1.520728e-01
5VVQqhCFW-4 0 0 0.09 1.495779e-01
4KIG86cHnNw 0 0 0.09 1.464762e-01
4A8793H627I 0 0 0.18 1.438808e-01
1rTBJJZWgk4 1 0 0.82 1.426606e-01
4Yi9tMSEGh8 0 0 0.26 1.295844e-01
1tPQkymCaig 1 0 0.76 1.294731e-01
3pqyXX9KdHY 0 0 0.35 1.294576e-01
1HkloCaFwyo 0 0 0.11 1.276251e-01
0RosoZRG_RM 0 0 0.07 1.174603e-01
1W42V_boVcI 0 0 0.03 1.174392e-01
11d_QiocQqg 0 0 0.43 1.124521e-01
1rc0YmHCO0g 0 0 0.26 1.116749e-01
1tlPk2-OX0A 0 0 0.13 1.061192e-01
1GwFBPb8SX8 0 0 0.23 1.061175e-01
4ZeYfPAAHl0 0 0 0.02 1.060244e-01
-tqFKio99ho 0 0 0.21 1.057942e-01
51b2PbXOc4s 0 0 0.28 1.049263e-01
1VDIYqIDuhI 0 0 0.05 1.043035e-01
0U2VusI6ZoU 0 0 0.11 1.029988e-01
4kwIQKP4FH0 0 0 0.04 1.012724e-01
4bqYemOSlvY 0 0 0.27 1.004776e-01
4rZ907xLb_U 0 0 0.13 9.371770e-02
3wpEAM9W7y4 0 0 0.38 9.057026e-02
555HdQHE3j4 0 0 0.06 8.909240e-02
13w-Autf9E0 0 0 0.07 8.532526e-02
0I0T-JENkhg 0 0 0.14 8.411187e-02
41NJZqvGUZM 0 0 0.07 8.267138e-02
4gY3faaPj_k 0 0 0.08 8.223071e-02
1vCnPYalC5k 0 0 0.24 7.973523e-02
-qFg_TAe9H0 0 0 0.14 7.898146e-02
09TB9IoSpXQ 0 0 0.09 7.838662e-02
1EdbDSHHXKM 0 0 0.18 7.723143e-02
-UIxNxlvapk 0 0 0.03 7.696401e-02
5aw_ICo5Deg 0 0 0.14 7.293649e-02
0R2vlCPga04 1 0 0.9 7.285405e-02
07cyOPE9t4A 0 0 0.06 7.078431e-02
56D6pZHezSk 0 0 0.06 6.931049e-02
5Feyp5jr5rg 0 0 0.05 6.923168e-02
4ZB44ewdXz0 0 0 0.09 6.922967e-02
-PPxVQvJHqw 0 0 0.36 6.790211e-02
0RAHikS9fvQ 0 0 0.18 6.663517e-02
5-VyMa3qYKs 0 0 0.07 6.241850e-02
4Wk8kYxvD8Q 0 0 0.12 6.212132e-02
4z5aBO_ql5o 0 0 0.09 6.169190e-02
0YByiOReG8E 0 0 0.1 6.125572e-02
03FF1Sz53YU 0 0 0.06 6.095046e-02
-sIuewUzPoE 0 0 0.03 5.853036e-02
1T1Mtw5pn4Q 0 0 0.34 5.529767e-02
-qS8FbH1TT8 0 0 0.13 5.514402e-02
1Yje_lnKDHc 0 0 0.08 5.434217e-02
1vBN_rntrpk 0 0 0.05 5.209366e-02
0EX1twiwKVU 0 0 0.08 5.048622e-02
4AtTz8uD0hU 0 0 0.11 5.029238e-02
1BG0ut3-Dps 0 0 0.06 5.023447e-02
0NdRoZh-2zU 0 0 0.09 4.981739e-02
5QSH4TuOcb0 0 0 0.07 4.772607e-02
-mrg30x9fDQ 0 0 0.09 4.617959e-02
-jRgxRLkTIA 0 0 0.11 4.487712e-02
17pdZNQSr1c 0 0 0.13 4.345971e-02
5ip2qhQy6w8 0 0 0.07 4.295138e-02
5NF3zOxikqg 0 0 0.24 4.240950e-02
43U4OIyFaYM 0 0 0.07 4.238205e-02
03OSTDJYfRc 0 0 0.27 4.187422e-02
0SBHkS5ho3M 0 0 0.07 4.052619e-02
-QdiNtL6JwQ 0 0 0.08 3.963029e-02
47T1YHJ16a8 0 0 0.17 3.935194e-02
-MpxXh4TGyg 0 0 0.02 3.896093e-02
0qCD3Jdw_ys 0 0 0.07 3.883969e-02
5NIGy3JWZiM 0 0 0.12 3.817904e-02
52cdhl5xrd0 0 0 0.17 3.756091e-02
5hXiJJwXc3o 0 0 0.07 3.570996e-02
1GmLltOvrvw 0 0 0.13 3.552701e-02
3zh_Jijhwsg 0 0 0.09 3.515130e-02
4-nOnb56gSg 0 0 0.2 3.493349e-02
01hi-bIJI0Y 0 0 0.53 3.413078e-02
4Aqz1W3QC08 0 0 0.03 3.411639e-02
-XchxlnNlDg 0 0 0.08 3.390667e-02
5Rln_fPIBYs 0 0 0.05 3.316131e-02
5Ha1thvsfeU 0 0 0.09 3.194184e-02
-sf8idyg5CM 0 0 0.17 3.075754e-02
-TYedWQk1oE 0 0 0.07 2.936825e-02
13JGk2W9qvw 0 0 0.18 2.935693e-02
0LkC2cE7LXQ 0 0 0.11 2.868552e-02
5jWlH_ZewlA 0 0 0.08 2.828577e-02
16mW_ij3jSY 0 0 0.29 2.822916e-02
3uHbEfH2Ezs 0 0 0.13 2.813325e-02
0RbuY3CskEU 0 0 0.04 2.806647e-02
5K7yt36R04w 0 0 0.15 2.784084e-02
-il6LgZdrjk 0 0 0.21 2.775246e-02
5dUUq1VFf1k 0 0 0.08 2.519833e-02
0PqXAWG-SF0 0 0 0.16 2.466159e-02
16EYRx8Xjz4 0 0 0.16 2.345725e-02
1VoNKxGhiUk 0 0 0.08 2.315754e-02
3p03pWB7Nfk 0 0 0.06 2.288035e-02
5g8ay9J2ayI 0 0 0.06 2.286375e-02
0eUrJ0Z28LI 0 0 0.08 2.241344e-02
4T2Ka5cH7CE 0 0 0.41 2.240040e-02
0XEyBKELKI0 0 0 0.06 2.225971e-02
-_wOEpl15YU 0 0 0.13 2.223298e-02
0F5dZUj7SKE 0 0 0.07 2.214978e-02
5LL8ktVpW1o 0 0 0.38 2.183018e-02
4N2ePx-jhfc 0 0 0.09 2.002254e-02
0QweaoZDeQ4 0 0 0.33 1.954562e-02
1X6333AjlMs 0 0 0.08 1.885003e-02
0c3EDq4VzRY 0 0 0.13 1.742108e-02
-miQHtfAWI0 0 0 0.39 1.674217e-02
4fAeA-6p3J4 0 0 0.03 1.631975e-02
41NKQFiPWS4 0 0 0.08 1.610563e-02
1wOj7xTYj5U 0 0 0.25 1.591187e-02
4boGRpL0OwI 0 0 0.11 1.572070e-02
1c7ddH8_OY4 0 0 0.37 1.470172e-02
1KBCFLAUIT0 0 0 0.15 1.469692e-02
1Oc7QOnOU6k 0 0 0.2 1.467080e-02
-KBYMG0ogFA 0 0 0.24 1.408442e-02
-kdahZGrC7k 0 0 0.12 1.358956e-02
0wGQgwMBfcA 0 0 0.15 1.340350e-02
1dtLkVmSqtc 0 0 0.11 1.329928e-02
00KeOQP3F4A 0 0 0.12 1.327994e-02
-z6JfzkJuCM 0 0 0.08 1.272820e-02
1EQ_2MPdqYs 0 0 0.05 1.262464e-02
-uuDiQU1wOM 0 0 0.19 1.246856e-02
5G9oWmwz748 0 0 0.11 1.227700e-02
5CNtVGHdXT4 0 0 0.13 1.185056e-02
4TL9BKfuqJ0 0 0 0.07 1.180377e-02
1wBYmhN0Uqc 0 0 0.09 1.134493e-02
0krhPX4fjqY 0 0 0.57 1.109581e-02
4tvR8ku1SI0 0 0 0.08 1.099155e-02
3sNm7F1Rb3U 0 0 0.11 1.055417e-02
1nvyJZv9pk8 0 0 0.09 1.054532e-02
-GulHMmrt-o 0 0 0.23 1.041217e-02
5czVWjGOXFY 0 0 0.01 1.033529e-02
4GWSzPYLtRc 0 0 0.12 1.013282e-02
1xHaYAk4_1A 0 0 0.05 1.007918e-02
03W_dNb7JLs 0 0 0.13 9.956168e-03
44wyEoU_uQQ 0 0 0.08 9.868757e-03
0IPZHPr-EtQ 0 0 0.08 9.771852e-03
4yR7RnhQ3zI 0 0 0.25 9.720800e-03
53fvufynmVY 0 0 0.08 9.597314e-03
4-rk82sZNJo 0 0 0.07 9.533374e-03
10JM_YStYpw 0 0 0.09 9.532497e-03
0rIuhd4sCRg 0 0 0.06 9.505044e-03
5eRUm-6549I 0 0 0.12 9.404108e-03
41stW8wFb1g 0 0 0.1 9.318949e-03
5MMNiyLpyow 0 0 0.11 9.258519e-03
-m6ac6w-r3o 0 0 0.07 9.063208e-03
1eDITCytUf8 0 0 0.09 9.013265e-03
-Vif0do57AQ 0 0 0.08 8.927711e-03
-pPfQ3hd6oA 0 0 0.21 8.524318e-03
41_9GHoDy3Q 0 0 0.07 8.189711e-03
42zdZwia7zE 0 0 0.13 7.949012e-03
-lE3PMRuOck 0 0 0.07 7.815261e-03
0ZkZhR7F7Lo 0 0 0.17 7.773256e-03
1GqfsNyJhVg 0 0 0.08 7.507598e-03
1MopV-J2KoA 0 0 0.08 7.418292e-03
-xFijZ1ubPg 0 0 0.08 7.353427e-03
4UEu2WkMNjQ 0 0 0.06 7.270139e-03
-kPG1z_pFDk 0 0 0.06 6.808244e-03
-KyJApAwKug 0 0 0.05 6.799123e-03
5PKh_veiSk8 0 0 0.07 6.626478e-03
1jm-VEgQYH8 0 0 0.14 6.385682e-03
1QawHxCZQ9g 0 0 0.07 6.261693e-03
4Bu8JSnrHPM 0 0 0.13 6.250847e-03
04NGq2WY4ME 0 0 0.22 6.222795e-03
1HSvIXFg9GU 0 0 0.08 6.049827e-03
4HTQXdEUsO4 0 0 0.07 6.039495e-03
-_h8Cnmx7rA 0 0 0.1 5.945862e-03
-IByByzFDyQ 0 0 0.06 5.918572e-03
1--IBh1NhIk 0 0 0.08 5.764798e-03
04liAs0D358 0 0 0.11 5.685111e-03
4ggpqFQ-4dY 0 0 0.21 5.683561e-03
4jIzY8xz-1I 0 0 0.09 5.652263e-03
0S_yZerJKr8 0 0 0.21 5.173890e-03
15YWLcStacI 0 0 0.05 4.805619e-03
4zZuvq3GLe4 0 0 0.14 4.710434e-03
3xzA0_48Oag 0 0 0.08 4.591476e-03
1tYoC0J8058 0 0 0.13 4.396690e-03
3vTCMGkcYqY 0 0 0.05 4.353047e-03
0mdRYnaSB1Y 0 0 0.12 4.036993e-03
4B3BDXa_VGY 0 0 0.07 3.977534e-03
4qBq47yL8vA 0 0 0.13 3.937344e-03
1fjm4EFOck0 0 0 0.05 3.920412e-03
4dEmcbbe_YY 0 0 0.09 3.884565e-03
5_JvLWbN9so 0 0 0.08 3.878222e-03
0uMotNq_0Hs 0 0 0.06 3.801912e-03
-ZHTdGqEqSY 0 0 0.12 3.796630e-03
1QLKbPg0DOw 0 0 0.19 3.791461e-03
1S9aybZaqkE 0 0 0.06 3.754333e-03
10eF2Y1vtSU 0 0 0.14 3.664511e-03
0Tv4Bcxvg0I 0 0 0.1 3.653505e-03
55AHzTR_i2k 0 0 0.12 3.643068e-03
0j4Yj6AWHi0 0 0 0.25 3.491756e-03
1PnSatLeG0s 0 0 0.26 3.462805e-03
48Si6W1aVXg 0 0 0.11 3.421315e-03
1eTXKB8ecm4 0 0 0.28 3.399062e-03
4K38i8cQ2Ok 0 0 0.05 3.357392e-03
56Dbp9JCxbE 0 0 0.08 3.351973e-03
1erKh-yl0Ng 0 0 0.08 3.271645e-03
3st3MlL2vbY 0 0 0.09 3.246330e-03
50xs45jTxPc 0 0 0.21 3.050893e-03
0276tzdXxgk 0 0 0.08 2.817020e-03
5Og7NM5f3P8 0 0 0.18 2.667573e-03
1KTGEaqBm2c 0 0 0.11 2.613088e-03
-_ZKKDqRQvQ 0 0 0.13 2.555974e-03
4eBu6ennrLE 0 0 0.11 1.881588e-05
4pL08UrfewI 0 0 0.13 1.842654e-05
3sJ6EDrvILw 0 0 0.11 1.619344e-05
1eJgWtyh6gs 0 0 0.13 1.576702e-05
1FP3z5oetdQ 0 0 0.35 1.470743e-05
4E050kdAj3o 0 0 0.33 1.403590e-05
4vJr4ftm8Ro 0 0 0.09 1.401841e-05
41UaPRP4SNc 0 0 0.09 1.236095e-05
-xZiKi1JCfU 0 0 0.17 1.188564e-05
10IQS2X6DQo 0 0 0.11 1.165610e-05
-wnhmxNlhXE 0 0 0.1 1.143238e-05
-eMJy35xy9U 0 0 0.09 1.123161e-05
0pwtpPm-uxU 0 0 0.14 1.063606e-05
-hpHjpbUrMs 0 0 0.03 1.059956e-05
4w06G6-A2wE 0 0 0.06 9.957863e-06
4gt4BYxY2wg 0 0 0.18 9.926559e-06
-ix4wo72Gy0 0 0 0.12 8.980303e-06
-l1eGa3VCcw 0 0 0.19 8.931432e-06
4wSUnjlW35Y 0 0 0.23 8.766713e-06
4hyR6kgcBnE 0 0 0.1 7.167689e-06
0e8dQCtnWBQ 0 0 0.08 6.388893e-06
3u2VMvBRDZs 0 0 0.08 5.428002e-06
4-6OUHdonjU 0 0 0.03 4.900896e-06
03ZBMuALda0 0 0 0.13 4.639573e-06
4ZhVYKwS_hA 0 0 0.05 4.528284e-06
1Y-81NlDroA 0 0 0.12 4.517214e-06
1uVHrhWcOag 0 0 0.21 4.451959e-06
-L3v8-poBa4 0 0 0.09 4.092494e-06
3lqtGGv6JRw 0 0 0.1 3.996277e-06
55KSDnO2C7k 0 0 0.1 3.846104e-06
10Vd5F_ooXU 0 0 0.08 3.375865e-06
1C1uEugmodk 0 0 0.14 2.774044e-06
48VkqmoSTgY 0 0 0.12 2.455916e-06
1o1SsjxXRic 0 0 0.05 1.813604e-06
3uKTmbhhxFM 0 0 0.16 1.674763e-06
-WJwnl2T_4Q 0 0 0.3 1.625754e-06
-l38EuwPz_o 0 0 0.1 1.425535e-06
3wCt5_px63Y 0 0 0.15 1.408023e-06
3qxfZZb9Jz4 0 0 0.05 1.244605e-06
5eU0dxNcJ_A 0 0 0.1 1.161318e-06
-LJYa2YIdLk 0 0 0.11 1.102595e-06
-TZncDf7ENs 0 0 0.09 1.032910e-06
53b5VJjIWOU 0 0 0.06 8.372674e-07
-HUkS8zNuuI 0 0 0.46 6.121946e-07
0fjJyRfA3W8 0 0 0.14 5.701066e-07
0kNYQ20gFjM 0 0 0.2 5.692119e-07
5iM2Ob_Eaec 0 0 0.02 5.396939e-07
-PuJSys8oMk 0 0 0.12 5.075064e-07
1aiVdge_vd8 0 0 0.19 3.952473e-07
43ac7z1GvpI 0 0 0.12 2.866268e-07
3mZ8HfxY8KY 0 0 0.39 2.757641e-07
040qf3RJ0kw 0 0 0.06 2.495177e-07
0TmXTuJA2gE 0 0 0.05 2.304876e-07
0Nb45QzPOmk 0 0 0.11 2.273024e-07
55QYOWgSe5o 0 0 0.06 1.827971e-07
-u9Rs3bvXOk 0 0 0.11 1.153856e-07
-HlRKWK9clo 0 0 0.11 9.632396e-08
5Na80JHngzc 0 0 0.04 7.747974e-08
-Ji3RM-lTaU 0 0 0.14 7.060368e-08
0cYa-dZzlEo 0 0 0.05 6.567363e-08
5-YHieEhdT4 0 0 0.1 4.981779e-08
1WO9GU2_RkI 0 0 0.04 1.417314e-08
1u88HrLz_k4 0 0 0.36 9.572632e-09
