5KJvO3BkcXE 1 1 0.87 9.939608e-01
5QFKdgZFmyw 1 1 0.58 9.934152e-01
4zTezvXow6w 1 1 0.92 9.884855e-01
4qqST8BqJ9s 1 1 0.89 9.856637e-01
4wOU_IjpXrI 1 1 0.91 9.851029e-01
43ktQ_KevUI 1 1 0.9 9.845671e-01
0yT5fffr4kg 1 1 0.92 9.794236e-01
16PCLyl_H48 1 1 0.92 9.789076e-01
5acGSsTALyE 1 1 0.93 9.748391e-01
5BUSnX3g-EM 1 1 0.93 9.742406e-01
4CgaTAi4nqI 1 1 0.88 9.737887e-01
4w_XPQq-4sA 1 1 0.91 9.723765e-01
5ji8HPmVa-4 1 1 0.93 9.716572e-01
-R50rxfghjg 1 1 0.92 9.713642e-01
0KR4T_B02FM 1 1 0.9 9.702632e-01
-jj2nXYoFYE 1 1 0.82 9.701511e-01
5Jpkz0wWC58 1 1 0.84 9.639539e-01
11dArtopIbw 1 1 0.9 9.588778e-01
4huGwAxwOl8 1 1 0.9 9.575588e-01
4ynyIk76f44 1 1 0.92 9.539972e-01
-0n50a7seNI 1 1 0.91 9.532615e-01
1UMaCbZx3Ag 1 1 0.52 9.516919e-01
3mW29k5qTZM 1 1 0.87 9.511111e-01
00b6k17zCTw 1 1 0.85 9.504276e-01
0mTAQI7w8sc 1 1 0.93 9.481400e-01
5KA1TLCl8Vc 1 1 0.89 9.473488e-01
4U97-jCnWUc 1 1 0.91 9.458381e-01
-qoBKqFZXME 1 1 0.9 9.454863e-01
4V0VOawQ5dg 1 1 0.83 9.448801e-01
1bgJ0OwlKV8 1 1 0.62 9.434673e-01
51-EIHS-KpE 1 1 0.91 9.418059e-01
4tmV8OLquf0 1 1 0.84 9.408547e-01
0Ec9GyJAEjY 1 1 0.87 9.403963e-01
0oLlm3K6B6s 1 1 0.81 9.397611e-01
0FVTdhNmjM0 1 1 0.84 9.393761e-01
4f99RLGDTEs 1 1 0.84 9.336604e-01
4Hy36KsEpeI 1 1 0.91 9.290158e-01
1sEURubw07c 1 1 0.93 9.283924e-01
-U4i44fVZJE 1 1 0.91 9.274799e-01
1fkOYUKtQyI 1 1 0.92 9.257470e-01
1fzHD46wRwo 1 1 0.88 9.256711e-01
4-OxtLvke7E 1 1 0.87 9.249562e-01
3tvkEyPXZmg 1 1 0.84 9.224793e-01
01Tn0Fvc1bA 1 1 0.74 9.172639e-01
-Kmr0E3lNoA 1 1 0.77 9.155658e-01
-ltzj95e68M 1 1 0.93 9.090171e-01
13v1xtWtueo 1 1 0.89 9.071995e-01
3lsFCcZM46k 1 1 0.92 9.068687e-01
552JFboN8QU 1 1 0.61 9.060741e-01
52JVAhy3FWE 1 1 0.87 9.011330e-01
5b-nhaF7Ga0 1 1 0.92 8.983719e-01
3r4CvYo6tWM 1 1 0.92 8.977334e-01
1_bgKeogKe4 1 1 0.94 8.915249e-01
1c8axb3BuYQ 1 1 0.78 8.912145e-01
5hONeYrHLg8 1 1 0.87 8.891134e-01
-Ms77NxhSFE 1 1 0.92 8.880025e-01
1TeWQFee-bM 1 1 0.9 8.815869e-01
43YMjaK5G80 1 1 0.56 8.809753e-01
4AJPMarIzqc 1 1 0.92 8.708862e-01
092BG73R0ak 1 1 0.92 8.625995e-01
0YytkZJx-VE 1 1 0.92 8.608971e-01
0EwtL2yr0y8 1 1 0.52 8.608411e-01
0o6J-2USwwE 1 1 0.92 8.598795e-01
5KXICXmKpZc 1 1 0.92 8.586285e-01
1MNWQB9jrRs 1 1 0.86 8.576365e-01
-L6-i9rkW6Q 1 1 0.74 8.420176e-01
5YTQCkuJIbc 1 1 0.78 8.351376e-01
0BeFeDU7RK0 1 1 0.7 8.223390e-01
-yjHK_imtKw 1 1 0.5 8.202053e-01
3wwdOUMQ-cQ 0 1 0.1 8.186951e-01
-k9a8MS8g0g 1 1 0.77 8.176922e-01
0vd5DX-LPmc 1 1 0.88 8.136995e-01
49wCa7kPUfA 1 1 0.89 8.131721e-01
-Lfhpm1GDmA 1 1 0.92 8.040323e-01
4TT61PQ0eB8 1 1 0.68 8.030716e-01
0LkBOWLX83w 0 1 0.17 7.952607e-01
1pAWjZmIoJE 0 1 0.05 7.832563e-01
4zZgZp0HuB0 1 1 0.91 7.804688e-01
5FvSv-IE6Tc 1 1 0.87 7.751026e-01
4aTkHVdoqkw 1 1 0.59 7.720870e-01
1ptvHLoDv10 1 1 0.61 7.704061e-01
1UOyF1IFalA 1 1 0.92 7.659164e-01
5FY1SJSxbOg 0 1 0.09 7.635122e-01
1Eb0pg65f3s 1 1 0.71 7.632476e-01
-MC21SfN7JQ 1 1 0.89 7.575378e-01
-RLHh9xmWOk 1 1 0.84 7.543522e-01
1LaJwL9hbIk 1 1 0.93 7.462486e-01
5d52KIzJ_gE 1 1 0.76 7.446295e-01
3ogSC8TdIxQ 0 1 0.74 7.412812e-01
02mpJUpG0TI 1 1 0.91 7.372230e-01
3pOGUKrMseg 1 1 0.82 7.334478e-01
-MNcDq1dw7M 1 1 0.83 7.321139e-01
48grDvwpfOM 0 1 0.12 7.303966e-01
19IeCfVdkDM 1 1 0.73 7.230724e-01
4vcgZXnfMGk 1 1 0.9 7.222905e-01
5SwHJnHHOk8 1 1 0.94 7.148013e-01
-l6eSOvKgEw 1 1 0.77 7.101578e-01
-JNXp8A55s8 1 1 0.57 7.059462e-01
-mX0pMDmZhQ 1 1 0.81 7.057339e-01
4AdZhiQ2OrE 1 1 0.91 7.037895e-01
1rc0JB7AHi0 1 1 0.9 6.910217e-01
0kIDeKrPBUU 1 1 0.56 6.827413e-01
-YeuVmchu-M 1 1 0.69 6.814550e-01
1kK2_lpHaEE 1 1 0.59 6.663245e-01
5HOIjy-lMYQ 1 1 0.88 6.613665e-01
3n5FA0jseMw 1 1 0.85 6.563212e-01
-gruAlxQu2M 1 1 0.84 6.538380e-01
47P0Fy-DYnI 1 1 0.68 6.455404e-01
5PBhEQQcUeg 0 1 0.23 6.390272e-01
4-xQGlipgCs 1 1 0.93 6.362619e-01
1GR63Uu55dM 0 1 0.23 6.349258e-01
4O3KMph3sGI 1 1 0.89 6.251811e-01
-SNs9Wkk9Us 0 1 0.1 6.103340e-01
0rh581E2L10 1 1 0.92 5.990272e-01
-mxGH7o1thM 0 1 0.05 5.935251e-01
4FsWN72u7PY 1 1 0.93 5.758066e-01
5DT3BGNdlYM 1 1 0.82 5.742170e-01
4rW4rp54xyA 0 1 0.25 5.705422e-01
42rzULyT67A 1 1 0.91 5.646146e-01
1WF8FMitboA 1 1 0.72 5.510986e-01
5EmzbJXWhEo 1 1 0.9 5.409779e-01
-yXCNmqGQ0M 1 1 0.6 5.389469e-01
-vmZoo8j-AM 1 1 0.91 5.382957e-01
-TSK5P5OZOM 1 1 0.93 5.326493e-01
4FUhj80606E 1 1 0.76 5.000000e-01
116IZnYNzx4 0 1 0.14 5.000000e-01
5cQR_hNLZs4 0 1 0.14 5.000000e-01
4qqwA9HdASg 1 0 0.8 4.839187e-01
5OsPG3rjb1U 1 0 0.76 4.834297e-01
3rbg8mdOHlE 0 0 0.06 4.831043e-01
42D6R8Es3sI 1 0 0.81 4.797040e-01
4uXBcDPQk8w 1 0 0.85 4.749773e-01
-MUM3XyqEFg 1 0 0.91 4.568976e-01
5asyMt9Upfk 1 0 0.91 4.563918e-01
40MwwJyIpy4 0 0 0.1 4.468091e-01
-YwWgR1m8_Y 1 0 0.56 4.318831e-01
1qTRhb3Wd8c 1 0 0.9 4.189528e-01
3y1PnXLbibw 1 0 0.73 4.073097e-01
0QGtPTzwZi8 1 0 0.91 4.034200e-01
-l51YfJQUyk 0 0 0.49 3.860997e-01
1DMqa2jDpqA 0 0 0.11 3.648193e-01
4e_-W453Kys 1 0 0.22 3.605153e-01
4Zbmyk4raZY 0 0 0.3 3.499252e-01
0uTBxpgJJuI 0 0 0.17 3.437147e-01
5VRr4q5Ay-E 1 0 0.73 3.404959e-01
-lCErNwhLbg 1 0 0.9 3.403529e-01
5Cj8K3OzKfc 0 0 0.13 3.296746e-01
46fVxPS0n2c 0 0 0.18 3.190323e-01
4CHZeVizxcs 0 0 0.15 3.131711e-01
4sMbu2Pr6xA 0 0 0.21 3.030338e-01
-pPSM_rMu2k 0 0 0.83 2.926227e-01
1szFX8polKo 1 0 0.9 2.780650e-01
-K4hB7LCz_M 0 0 0 2.766668e-01
0OrvLqmlhEY 0 0 0.08 2.748953e-01
5Zs5h0VkNgs 0 0 0.06 2.716766e-01
4Yi9tMSEGh8 0 0 0.26 2.672982e-01
0CXPF1jl_Lw 0 0 0.18 2.520929e-01
4sZ9c-H54mU 1 0 0.93 2.453720e-01
1uL25kL7jHw 0 0 0.17 2.446806e-01
5Z94lx53hx8 0 0 0.17 2.395208e-01
0GYhYV0lIgM 0 0 0.09 2.381804e-01
4DT1hrO78lc 0 0 0.2 2.359189e-01
08e5rB2zFPQ 1 0 0.65 2.312414e-01
4qsADJ0pmxM 0 0 0.07 2.222811e-01
1mjoo_XQVZI 1 0 0.82 2.196826e-01
3nv4cporQ5o 0 0 0.26 2.136573e-01
0lUicrX8hu4 0 0 0.09 2.118717e-01
4NlUzXHDVOE 1 0 0.42 2.113587e-01
15MSK5Nv16k 1 0 0.66 2.108867e-01
4hqg0XEyrPQ 0 0 0.07 2.038237e-01
0SgEB3BCvGA 0 0 0.4 2.007892e-01
41NJZqvGUZM 0 0 0.07 1.961924e-01
4rZ907xLb_U 0 0 0.13 1.946985e-01
4DHEKpzD2YU 0 0 0.11 1.933487e-01
1rTBJJZWgk4 1 0 0.82 1.895466e-01
1VDIYqIDuhI 0 0 0.05 1.851676e-01
0QLovZrWLvY 0 0 0.28 1.804996e-01
5Feyp5jr5rg 0 0 0.05 1.688898e-01
53a_8hJh-tA 0 0 0.32 1.633767e-01
3pqyXX9KdHY 0 0 0.35 1.630713e-01
-sIuewUzPoE 0 0 0.03 1.557662e-01
5YegKcusCZY 0 0 0.2 1.546046e-01
1-7eYsFYZRQ 1 0 0.85 1.545249e-01
-KMioe2JwBE 0 0 0.19 1.453741e-01
-_NlReHSyZ4 0 0 0.36 1.449509e-01
1heI9Qj9dl0 0 0 0.11 1.444821e-01
0I0T-JENkhg 0 0 0.14 1.390959e-01
5VVQqhCFW-4 0 0 0.09 1.357303e-01
555HdQHE3j4 0 0 0.06 1.355468e-01
4bqYemOSlvY 0 0 0.27 1.339908e-01
4KIG86cHnNw 0 0 0.09 1.334931e-01
5kDUMLnSyp4 0 0 0.36 1.333875e-01
4kwIQKP4FH0 0 0 0.04 1.299838e-01
16gPtbkbvAQ 1 0 0.93 1.283056e-01
0RAHikS9fvQ 0 0 0.18 1.281198e-01
-tqFKio99ho 0 0 0.21 1.266399e-01
1tlPk2-OX0A 0 0 0.13 1.181737e-01
4A8793H627I 0 0 0.18 1.176805e-01
3wpEAM9W7y4 0 0 0.38 1.142454e-01
-qFg_TAe9H0 0 0 0.14 1.139830e-01
01hi-bIJI0Y 0 0 0.53 1.123830e-01
1tPQkymCaig 1 0 0.76 1.115813e-01
1GwFBPb8SX8 0 0 0.23 1.072013e-01
0R2vlCPga04 1 0 0.9 1.057474e-01
-jRgxRLkTIA 0 0 0.11 1.057201e-01
56D6pZHezSk 0 0 0.06 1.053111e-01
3nQzbKPkmJk 0 0 0.2 1.051269e-01
5ip2qhQy6w8 0 0 0.07 1.043463e-01
4-nOnb56gSg 0 0 0.2 1.028380e-01
1vCnPYalC5k 0 0 0.24 9.400915e-02
5aw_ICo5Deg 0 0 0.14 9.233437e-02
1HkloCaFwyo 0 0 0.11 9.027927e-02
0RosoZRG_RM 0 0 0.07 8.844745e-02
-qS8FbH1TT8 0 0 0.13 8.678502e-02
4gY3faaPj_k 0 0 0.08 8.441578e-02
03OSTDJYfRc 0 0 0.27 8.266524e-02
1GmLltOvrvw 0 0 0.13 8.073760e-02
0NdRoZh-2zU 0 0 0.09 8.048467e-02
52cdhl5xrd0 0 0 0.17 7.983546e-02
-vqHOULV0iU 0 0 0.09 7.693934e-02
0EX1twiwKVU 0 0 0.08 7.292984e-02
5-VyMa3qYKs 0 0 0.07 7.152322e-02
11d_QiocQqg 0 0 0.43 7.039473e-02
0U2VusI6ZoU 0 0 0.11 7.023118e-02
1W42V_boVcI 0 0 0.03 6.996030e-02
5jvIRPG0pXI 0 0 0.2 6.780395e-02
-UIxNxlvapk 0 0 0.03 6.778501e-02
13JGk2W9qvw 0 0 0.18 6.778473e-02
4z5aBO_ql5o 0 0 0.09 6.604914e-02
-XchxlnNlDg 0 0 0.08 6.575965e-02
1T1Mtw5pn4Q 0 0 0.34 6.529031e-02
5hXiJJwXc3o 0 0 0.07 6.527637e-02
09TB9IoSpXQ 0 0 0.09 6.486419e-02
-PPxVQvJHqw 0 0 0.36 6.411251e-02
17pdZNQSr1c 0 0 0.13 6.336749e-02
4Wk8kYxvD8Q 0 0 0.12 6.182195e-02
0qCD3Jdw_ys 0 0 0.07 6.008987e-02
03FF1Sz53YU 0 0 0.06 5.974713e-02
0YByiOReG8E 0 0 0.1 5.973990e-02
5NIGy3JWZiM 0 0 0.12 5.972386e-02
0LkC2cE7LXQ 0 0 0.11 5.928032e-02
4T2Ka5cH7CE 0 0 0.41 5.902128e-02
3uHbEfH2Ezs 0 0 0.13 5.811356e-02
1nOEO3qlea0 0 0 0.24 5.800744e-02
4ZB44ewdXz0 0 0 0.09 5.789641e-02
5Ha1thvsfeU 0 0 0.09 5.497678e-02
43U4OIyFaYM 0 0 0.07 5.424974e-02
1rc0YmHCO0g 0 0 0.26 5.315913e-02
5G9oWmwz748 0 0 0.11 5.195101e-02
5Rln_fPIBYs 0 0 0.05 5.183979e-02
1BG0ut3-Dps 0 0 0.06 5.073451e-02
0F5dZUj7SKE 0 0 0.07 5.070526e-02
07cyOPE9t4A 0 0 0.06 5.062770e-02
1dtLkVmSqtc 0 0 0.11 5.015453e-02
5K7yt36R04w 0 0 0.15 4.982573e-02
1EdbDSHHXKM 0 0 0.18 4.854280e-02
51b2PbXOc4s 0 0 0.28 4.740094e-02
0SBHkS5ho3M 0 0 0.07 4.505137e-02
-sf8idyg5CM 0 0 0.17 4.499035e-02
4AtTz8uD0hU 0 0 0.11 4.230457e-02
-miQHtfAWI0 0 0 0.39 4.130857e-02
5LL8ktVpW1o 0 0 0.38 4.068076e-02
0c3EDq4VzRY 0 0 0.13 4.041900e-02
0XEyBKELKI0 0 0 0.06 4.022392e-02
0eUrJ0Z28LI 0 0 0.08 3.829577e-02
13w-Autf9E0 0 0 0.07 3.803622e-02
5QSH4TuOcb0 0 0 0.07 3.596912e-02
4ZeYfPAAHl0 0 0 0.02 3.595056e-02
1KBCFLAUIT0 0 0 0.15 3.500863e-02
1Yje_lnKDHc 0 0 0.08 3.468871e-02
1X6333AjlMs 0 0 0.08 3.458539e-02
-MpxXh4TGyg 0 0 0.02 3.375576e-02
0PqXAWG-SF0 0 0 0.16 3.337263e-02
47T1YHJ16a8 0 0 0.17 3.174320e-02
1vBN_rntrpk 0 0 0.05 3.163795e-02
0QweaoZDeQ4 0 0 0.33 3.134066e-02
41NKQFiPWS4 0 0 0.08 3.010705e-02
0RbuY3CskEU 0 0 0.04 2.980001e-02
4TL9BKfuqJ0 0 0 0.07 2.878111e-02
3zh_Jijhwsg 0 0 0.09 2.868493e-02
-TYedWQk1oE 0 0 0.07 2.854449e-02
5NF3zOxikqg 0 0 0.24 2.761122e-02
16mW_ij3jSY 0 0 0.29 2.670398e-02
16EYRx8Xjz4 0 0 0.16 2.628285e-02
-il6LgZdrjk 0 0 0.21 2.512486e-02
1eDITCytUf8 0 0 0.09 2.478841e-02
0ZkZhR7F7Lo 0 0 0.17 2.442453e-02
4UEu2WkMNjQ 0 0 0.06 2.402493e-02
4boGRpL0OwI 0 0 0.11 2.291581e-02
4Aqz1W3QC08 0 0 0.03 2.277830e-02
-xFijZ1ubPg 0 0 0.08 2.269802e-02
4yR7RnhQ3zI 0 0 0.25 2.256850e-02
4ggpqFQ-4dY 0 0 0.21 2.252947e-02
1jm-VEgQYH8 0 0 0.14 2.252817e-02
1wOj7xTYj5U 0 0 0.25 2.249961e-02
4N2ePx-jhfc 0 0 0.09 2.187606e-02
-mrg30x9fDQ 0 0 0.09 2.181586e-02
41_9GHoDy3Q 0 0 0.07 2.135835e-02
-pPfQ3hd6oA 0 0 0.21 2.128342e-02
1Oc7QOnOU6k 0 0 0.2 2.100118e-02
4tvR8ku1SI0 0 0 0.08 2.014931e-02
5jWlH_ZewlA 0 0 0.08 1.980053e-02
3p03pWB7Nfk 0 0 0.06 1.979538e-02
00KeOQP3F4A 0 0 0.12 1.977735e-02
-QdiNtL6JwQ 0 0 0.08 1.973267e-02
-z6JfzkJuCM 0 0 0.08 1.941827e-02
42zdZwia7zE 0 0 0.13 1.941228e-02
4GWSzPYLtRc 0 0 0.12 1.936789e-02
1c7ddH8_OY4 0 0 0.37 1.933971e-02
0wGQgwMBfcA 0 0 0.15 1.873644e-02
1nvyJZv9pk8 0 0 0.09 1.862562e-02
0IPZHPr-EtQ 0 0 0.08 1.838746e-02
5g8ay9J2ayI 0 0 0.06 1.837581e-02
1EQ_2MPdqYs 0 0 0.05 1.811328e-02
1wBYmhN0Uqc 0 0 0.09 1.805017e-02
-uuDiQU1wOM 0 0 0.19 1.780697e-02
-KBYMG0ogFA 0 0 0.24 1.762638e-02
-Vif0do57AQ 0 0 0.08 1.754901e-02
4fAeA-6p3J4 0 0 0.03 1.688806e-02
-GulHMmrt-o 0 0 0.23 1.684362e-02
5eRUm-6549I 0 0 0.12 1.663661e-02
1xHaYAk4_1A 0 0 0.05 1.649782e-02
53fvufynmVY 0 0 0.08 1.622430e-02
4jIzY8xz-1I 0 0 0.09 1.615641e-02
1GqfsNyJhVg 0 0 0.08 1.568997e-02
04liAs0D358 0 0 0.11 1.518489e-02
5dUUq1VFf1k 0 0 0.08 1.504340e-02
0rIuhd4sCRg 0 0 0.06 1.498228e-02
3vTCMGkcYqY 0 0 0.05 1.474085e-02
1QawHxCZQ9g 0 0 0.07 1.369251e-02
5CNtVGHdXT4 0 0 0.13 1.367979e-02
10JM_YStYpw 0 0 0.09 1.320555e-02
-kdahZGrC7k 0 0 0.12 1.307812e-02
4Bu8JSnrHPM 0 0 0.13 1.280043e-02
-_h8Cnmx7rA 0 0 0.1 1.278078e-02
4HTQXdEUsO4 0 0 0.07 1.254168e-02
-KyJApAwKug 0 0 0.05 1.246989e-02
-kPG1z_pFDk 0 0 0.06 1.228768e-02
1VoNKxGhiUk 0 0 0.08 1.205144e-02
03W_dNb7JLs 0 0 0.13 1.204203e-02
5MMNiyLpyow 0 0 0.11 1.186378e-02
-IByByzFDyQ 0 0 0.06 1.177657e-02
1HSvIXFg9GU 0 0 0.08 1.145330e-02
1PnSatLeG0s 0 0 0.26 1.144397e-02
04NGq2WY4ME 0 0 0.22 1.132185e-02
44wyEoU_uQQ 0 0 0.08 1.128397e-02
1S9aybZaqkE 0 0 0.06 1.128184e-02
0Tv4Bcxvg0I 0 0 0.1 1.096447e-02
5PKh_veiSk8 0 0 0.07 1.090567e-02
0uMotNq_0Hs 0 0 0.06 1.067593e-02
3xzA0_48Oag 0 0 0.08 1.059308e-02
5czVWjGOXFY 0 0 0.01 1.051523e-02
-_wOEpl15YU 0 0 0.13 1.020122e-02
-lE3PMRuOck 0 0 0.07 1.005317e-02
41stW8wFb1g 0 0 0.1 9.913114e-03
5_JvLWbN9so 0 0 0.08 9.547953e-03
4dEmcbbe_YY 0 0 0.09 9.415977e-03
3sNm7F1Rb3U 0 0 0.11 9.381184e-03
1--IBh1NhIk 0 0 0.08 9.237022e-03
4-rk82sZNJo 0 0 0.07 9.091833e-03
3sJ6EDrvILw 0 0 0.11 8.847991e-03
10IQS2X6DQo 0 0 0.11 8.095332e-03
4qBq47yL8vA 0 0 0.13 8.003759e-03
4K38i8cQ2Ok 0 0 0.05 7.575662e-03
4B3BDXa_VGY 0 0 0.07 7.563858e-03
0S_yZerJKr8 0 0 0.21 7.543303e-03
50xs45jTxPc 0 0 0.21 7.375399e-03
3st3MlL2vbY 0 0 0.09 7.268621e-03
1erKh-yl0Ng 0 0 0.08 7.266765e-03
10eF2Y1vtSU 0 0 0.14 7.249361e-03
5Og7NM5f3P8 0 0 0.18 7.176983e-03
-hpHjpbUrMs 0 0 0.03 7.110850e-03
-ZHTdGqEqSY 0 0 0.12 6.960259e-03
0mdRYnaSB1Y 0 0 0.12 6.941907e-03
4gt4BYxY2wg 0 0 0.18 6.903256e-03
4vJr4ftm8Ro 0 0 0.09 6.852496e-03
4zZuvq3GLe4 0 0 0.14 6.845506e-03
0krhPX4fjqY 0 0 0.57 6.755911e-03
1tYoC0J8058 0 0 0.13 6.696722e-03
-m6ac6w-r3o 0 0 0.07 6.575358e-03
56Dbp9JCxbE 0 0 0.08 6.520362e-03
1eTXKB8ecm4 0 0 0.28 6.399920e-03
41UaPRP4SNc 0 0 0.09 6.080649e-03
55AHzTR_i2k 0 0 0.12 5.959428e-03
4E050kdAj3o 0 0 0.33 5.928319e-03
1MopV-J2KoA 0 0 0.08 5.904284e-03
1QLKbPg0DOw 0 0 0.19 5.576592e-03
1KTGEaqBm2c 0 0 0.11 5.503115e-03
3u2VMvBRDZs 0 0 0.08 5.307970e-03
-wnhmxNlhXE 0 0 0.1 5.239246e-03
1fjm4EFOck0 0 0 0.05 5.200216e-03
0276tzdXxgk 0 0 0.08 5.079095e-03
15YWLcStacI 0 0 0.05 4.898596e-03
1FP3z5oetdQ 0 0 0.35 4.827710e-03
48Si6W1aVXg 0 0 0.11 4.764130e-03
-l1eGa3VCcw 0 0 0.19 4.750569e-03
3lqtGGv6JRw 0 0 0.1 4.718526e-03
4eBu6ennrLE 0 0 0.11 4.654269e-03
4ZhVYKwS_hA 0 0 0.05 4.621941e-03
48VkqmoSTgY 0 0 0.12 4.546714e-03
0j4Yj6AWHi0 0 0 0.25 4.512284e-03
4pL08UrfewI 0 0 0.13 4.355197e-03
-ix4wo72Gy0 0 0 0.12 4.265665e-03
-eMJy35xy9U 0 0 0.09 4.177895e-03
03ZBMuALda0 0 0 0.13 4.009069e-03
4hyR6kgcBnE 0 0 0.1 3.739891e-03
0pwtpPm-uxU 0 0 0.14 3.476608e-03
-_ZKKDqRQvQ 0 0 0.13 3.441765e-03
-xZiKi1JCfU 0 0 0.17 3.330258e-03
3wCt5_px63Y 0 0 0.15 3.300233e-03
-L3v8-poBa4 0 0 0.09 3.102563e-03
4w06G6-A2wE 0 0 0.06 2.994819e-03
0fjJyRfA3W8 0 0 0.14 2.897403e-03
4-6OUHdonjU 0 0 0.03 2.894178e-03
1o1SsjxXRic 0 0 0.05 2.765404e-03
3uKTmbhhxFM 0 0 0.16 2.742317e-03
0e8dQCtnWBQ 0 0 0.08 2.594070e-03
4wSUnjlW35Y 0 0 0.23 1.915992e-05
1eJgWtyh6gs 0 0 0.13 1.840805e-05
1C1uEugmodk 0 0 0.14 1.730040e-05
-LJYa2YIdLk 0 0 0.11 1.524831e-05
1Y-81NlDroA 0 0 0.12 1.495156e-05
-TZncDf7ENs 0 0 0.09 1.473728e-05
-WJwnl2T_4Q 0 0 0.3 1.380735e-05
1aiVdge_vd8 0 0 0.19 1.246341e-05
-l38EuwPz_o 0 0 0.1 1.174778e-05
1uVHrhWcOag 0 0 0.21 1.152092e-05
55KSDnO2C7k 0 0 0.1 1.039381e-05
10Vd5F_ooXU 0 0 0.08 1.035742e-05
-HUkS8zNuuI 0 0 0.46 9.007053e-06
55QYOWgSe5o 0 0 0.06 8.243200e-06
0kNYQ20gFjM 0 0 0.2 7.925175e-06
3qxfZZb9Jz4 0 0 0.05 7.355732e-06
53b5VJjIWOU 0 0 0.06 6.668749e-06
5eU0dxNcJ_A 0 0 0.1 6.457661e-06
-PuJSys8oMk 0 0 0.12 6.176329e-06
43ac7z1GvpI 0 0 0.12 6.134433e-06
0Nb45QzPOmk 0 0 0.11 5.368849e-06
5iM2Ob_Eaec 0 0 0.02 5.127834e-06
3mZ8HfxY8KY 0 0 0.39 4.652565e-06
040qf3RJ0kw 0 0 0.06 4.499562e-06
5Na80JHngzc 0 0 0.04 3.007592e-06
-HlRKWK9clo 0 0 0.11 2.908038e-06
-u9Rs3bvXOk 0 0 0.11 1.835523e-06
0cYa-dZzlEo 0 0 0.05 8.366109e-07
-Ji3RM-lTaU 0 0 0.14 6.582201e-07
5-YHieEhdT4 0 0 0.1 3.995259e-07
0TmXTuJA2gE 0 0 0.05 3.089230e-07
1u88HrLz_k4 0 0 0.36 2.535981e-07
1WO9GU2_RkI 0 0 0.04 1.434335e-07
