55KSDnO2C7k 1 1 0.94 9.913603e-01
-L3v8-poBa4 1 1 0.95 9.706674e-01
1wBYmhN0Uqc 1 1 0.92 9.702481e-01
-eMJy35xy9U 1 1 0.92 9.617234e-01
5CNtVGHdXT4 1 1 0.9 9.589600e-01
-Ji3RM-lTaU 1 1 0.92 9.548897e-01
-pPfQ3hd6oA 1 1 0.72 9.546799e-01
17pdZNQSr1c 1 1 0.88 9.544933e-01
56D6pZHezSk 1 1 0.95 9.506968e-01
-u9Rs3bvXOk 1 1 0.9 9.478845e-01
1HSvIXFg9GU 1 1 0.88 9.470259e-01
4HTQXdEUsO4 1 1 0.95 9.467977e-01
3p03pWB7Nfk 1 1 0.84 9.457719e-01
44wyEoU_uQQ 1 1 0.93 9.450507e-01
1VoNKxGhiUk 1 1 0.95 9.408917e-01
41UaPRP4SNc 1 1 0.89 9.405482e-01
0TmXTuJA2gE 1 1 0.96 9.391373e-01
5Og7NM5f3P8 1 1 0.82 9.371210e-01
0fjJyRfA3W8 1 1 0.93 9.350846e-01
16EYRx8Xjz4 1 1 0.92 9.345042e-01
0IPZHPr-EtQ 1 1 0.94 9.322123e-01
-sf8idyg5CM 1 1 0.94 9.318778e-01
-PuJSys8oMk 1 1 0.89 9.312237e-01
1MopV-J2KoA 1 1 0.96 9.310102e-01
0Tv4Bcxvg0I 1 1 0.92 9.274862e-01
1nvyJZv9pk8 1 1 0.93 9.193911e-01
0PqXAWG-SF0 1 1 0.88 9.156406e-01
-_h8Cnmx7rA 1 1 0.95 9.139717e-01
00KeOQP3F4A 1 1 0.87 9.109763e-01
-m6ac6w-r3o 1 1 0.97 9.091385e-01
0LkC2cE7LXQ 1 1 0.9 9.089598e-01
5PKh_veiSk8 1 1 0.93 9.084412e-01
040qf3RJ0kw 1 1 0.93 9.075428e-01
5YegKcusCZY 1 1 0.88 9.073472e-01
13w-Autf9E0 1 1 0.94 9.058749e-01
3xzA0_48Oag 1 1 0.92 9.032854e-01
4jIzY8xz-1I 1 1 0.92 9.032221e-01
5eU0dxNcJ_A 1 1 0.95 9.002216e-01
41stW8wFb1g 1 1 0.92 8.983146e-01
4AtTz8uD0hU 1 1 0.89 8.946877e-01
0kNYQ20gFjM 1 1 0.86 8.910277e-01
0NdRoZh-2zU 1 1 0.93 8.899371e-01
52cdhl5xrd0 1 1 0.85 8.898814e-01
-xZiKi1JCfU 1 1 0.9 8.879166e-01
-_wOEpl15YU 1 1 0.93 8.864878e-01
10eF2Y1vtSU 1 1 0.87 8.851153e-01
-TYedWQk1oE 1 1 0.95 8.822682e-01
1eTXKB8ecm4 1 1 0.9 8.820415e-01
10JM_YStYpw 1 1 0.83 8.818290e-01
3uKTmbhhxFM 1 1 0.93 8.804823e-01
48Si6W1aVXg 1 1 0.94 8.803210e-01
-MpxXh4TGyg 1 1 0.94 8.793479e-01
0c3EDq4VzRY 1 1 0.94 8.774865e-01
3sJ6EDrvILw 1 1 0.9 8.772816e-01
0wGQgwMBfcA 1 1 0.87 8.770604e-01
03W_dNb7JLs 1 1 0.87 8.762407e-01
0SBHkS5ho3M 1 1 0.94 8.743241e-01
1jm-VEgQYH8 1 1 0.84 8.661454e-01
4-rk82sZNJo 1 1 0.95 8.619568e-01
-GulHMmrt-o 1 1 0.9 8.560051e-01
5g8ay9J2ayI 1 1 0.93 8.556631e-01
4hqg0XEyrPQ 1 1 0.88 8.518153e-01
4N2ePx-jhfc 1 1 0.92 8.477209e-01
1Y-81NlDroA 1 1 0.95 8.461578e-01
1fjm4EFOck0 1 1 0.97 8.449394e-01
10IQS2X6DQo 1 1 0.93 8.425130e-01
46fVxPS0n2c 1 1 0.76 8.345860e-01
1eJgWtyh6gs 1 1 0.95 8.328242e-01
48VkqmoSTgY 1 1 0.92 8.292808e-01
4wSUnjlW35Y 0 1 0.29 8.291809e-01
09TB9IoSpXQ 1 1 0.94 8.244336e-01
0cYa-dZzlEo 1 1 0.89 8.173605e-01
4GWSzPYLtRc 1 1 0.87 8.166552e-01
-kPG1z_pFDk 1 1 0.96 8.157098e-01
55QYOWgSe5o 1 1 0.94 8.064540e-01
10Vd5F_ooXU 1 1 0.96 8.028308e-01
-il6LgZdrjk 1 1 0.92 8.018547e-01
0e8dQCtnWBQ 0 1 0.12 7.966612e-01
03FF1Sz53YU 1 1 0.95 7.941508e-01
-ix4wo72Gy0 1 1 0.93 7.907185e-01
-HlRKWK9clo 1 1 0.92 7.890962e-01
1HkloCaFwyo 1 1 0.94 7.874265e-01
0pwtpPm-uxU 1 1 0.89 7.853946e-01
1uL25kL7jHw 1 1 0.87 7.845587e-01
1QawHxCZQ9g 1 1 0.87 7.827119e-01
0EX1twiwKVU 1 1 0.84 7.769472e-01
5Ha1thvsfeU 1 1 0.78 7.712265e-01
-_ZKKDqRQvQ 1 1 0.84 7.712217e-01
-qFg_TAe9H0 1 1 0.91 7.660514e-01
0uMotNq_0Hs 1 1 0.89 7.610132e-01
4Aqz1W3QC08 1 1 0.89 7.439261e-01
3zh_Jijhwsg 1 1 0.88 7.437814e-01
5MMNiyLpyow 0 1 0.06 7.396293e-01
1PnSatLeG0s 1 1 0.92 7.347267e-01
1WO9GU2_RkI 1 1 0.96 7.325426e-01
5_JvLWbN9so 1 1 0.97 7.264165e-01
0ZkZhR7F7Lo 0 1 0.23 7.263214e-01
53fvufynmVY 1 1 0.93 6.950552e-01
5-VyMa3qYKs 1 1 0.9 6.809644e-01
07cyOPE9t4A 1 1 0.94 6.806236e-01
5Zs5h0VkNgs 1 1 0.9 6.803056e-01
5Feyp5jr5rg 1 1 0.93 6.790578e-01
-hpHjpbUrMs 1 1 0.93 6.769387e-01
5K7yt36R04w 1 1 0.88 6.700825e-01
4O3KMph3sGI 0 1 0.13 6.637057e-01
116IZnYNzx4 1 1 0.84 6.545994e-01
3vTCMGkcYqY 1 1 0.97 6.524624e-01
-lE3PMRuOck 1 1 0.79 6.499476e-01
5czVWjGOXFY 1 1 0.94 6.482592e-01
4w06G6-A2wE 1 1 0.94 6.403344e-01
3lqtGGv6JRw 1 1 0.93 6.313177e-01
1erKh-yl0Ng 0 1 0.11 6.298890e-01
4zZuvq3GLe4 1 1 0.91 6.272601e-01
4DHEKpzD2YU 0 1 0.09 6.271804e-01
-UIxNxlvapk 1 1 0.95 6.264792e-01
03ZBMuALda0 1 1 0.93 6.237182e-01
-ZHTdGqEqSY 1 1 0.93 6.219953e-01
42zdZwia7zE 0 1 0.22 6.028473e-01
0krhPX4fjqY 1 1 0.63 5.948917e-01
5G9oWmwz748 1 1 0.93 5.947192e-01
1tYoC0J8058 1 1 0.95 5.922994e-01
3rbg8mdOHlE 1 1 0.85 5.895355e-01
43ac7z1GvpI 1 1 0.95 5.891767e-01
4gt4BYxY2wg 0 1 0.19 5.889915e-01
0qCD3Jdw_ys 1 1 0.9 5.886368e-01
-wnhmxNlhXE 1 1 0.96 5.781296e-01
1FP3z5oetdQ 0 1 0.27 5.776884e-01
1vBN_rntrpk 0 1 0.11 5.752521e-01
-l38EuwPz_o 1 1 0.89 5.694609e-01
4ggpqFQ-4dY 1 1 0.89 5.685599e-01
4fAeA-6p3J4 1 1 0.92 5.674249e-01
4-nOnb56gSg 1 1 0.84 5.608215e-01
5Na80JHngzc 1 1 0.92 5.547505e-01
4TL9BKfuqJ0 0 1 0.18 5.534005e-01
13JGk2W9qvw 1 1 0.82 5.353764e-01
1wOj7xTYj5U 1 1 0.74 5.317957e-01
-LJYa2YIdLk 1 1 0.9 5.167146e-01
1uVHrhWcOag 1 1 0.92 5.118395e-01
1EQ_2MPdqYs 1 1 0.83 5.063563e-01
1W42V_boVcI 1 0 0.97 5.000000e-01
5dUUq1VFf1k 0 0 0.1 4.916987e-01
-KyJApAwKug 1 0 0.95 4.916186e-01
1-7eYsFYZRQ 0 0 0.28 4.911603e-01
1aiVdge_vd8 0 0 0.31 4.771806e-01
3st3MlL2vbY 1 0 0.96 4.741519e-01
1u88HrLz_k4 0 0 0.39 4.702058e-01
4-6OUHdonjU 1 0 0.83 4.686361e-01
1pAWjZmIoJE 1 0 0.86 4.681258e-01
4UEu2WkMNjQ 1 0 0.95 4.675203e-01
0mdRYnaSB1Y 1 0 0.84 4.673452e-01
1o1SsjxXRic 1 0 0.9 4.643323e-01
5NIGy3JWZiM 1 0 0.9 4.631358e-01
41NJZqvGUZM 1 0 0.79 4.624083e-01
0Nb45QzPOmk 0 0 0.21 4.563759e-01
1GmLltOvrvw 1 0 0.92 4.520218e-01
1GqfsNyJhVg 0 0 0.14 4.480594e-01
4Yi9tMSEGh8 1 0 0.8 4.331960e-01
4K38i8cQ2Ok 1 0 0.86 4.215754e-01
5NF3zOxikqg 1 0 0.91 4.207249e-01
1S9aybZaqkE 0 0 0.08 4.190399e-01
4KIG86cHnNw 1 0 0.91 4.032249e-01
1xHaYAk4_1A 1 0 0.89 4.032108e-01
4dEmcbbe_YY 0 0 0.24 4.023097e-01
5-YHieEhdT4 1 0 0.93 3.989410e-01
-TZncDf7ENs 0 0 0.08 3.953530e-01
4Bu8JSnrHPM 1 0 0.92 3.802625e-01
4hyR6kgcBnE 0 0 0.22 3.730599e-01
-jRgxRLkTIA 1 0 0.97 3.690694e-01
5LL8ktVpW1o 0 0 0.41 3.678212e-01
-miQHtfAWI0 0 0 0.76 3.658272e-01
-z6JfzkJuCM 1 0 0.87 3.625395e-01
4kwIQKP4FH0 1 0 0.92 3.608416e-01
3uHbEfH2Ezs 1 0 0.92 3.556246e-01
-vqHOULV0iU 1 0 0.87 3.533425e-01
4boGRpL0OwI 0 0 0.14 3.526230e-01
1--IBh1NhIk 0 0 0.11 3.480042e-01
5aw_ICo5Deg 1 0 0.82 3.410077e-01
0rh581E2L10 0 0 0.09 3.383574e-01
092BG73R0ak 0 0 0.04 3.375104e-01
4rZ907xLb_U 1 0 0.9 3.356060e-01
56Dbp9JCxbE 1 0 0.88 3.320450e-01
-QdiNtL6JwQ 0 0 0.11 3.304789e-01
1szFX8polKo 0 0 0.12 3.231902e-01
5iM2Ob_Eaec 1 0 0.53 3.220566e-01
4B3BDXa_VGY 0 0 0.14 3.220209e-01
4qBq47yL8vA 0 0 0.1 3.145109e-01
5QSH4TuOcb0 1 0 0.97 3.111887e-01
5Rln_fPIBYs 1 0 0.7 3.106375e-01
04liAs0D358 0 0 0.16 3.065846e-01
0eUrJ0Z28LI 1 0 0.89 2.957463e-01
-HUkS8zNuuI 0 0 0.23 2.757369e-01
0U2VusI6ZoU 1 0 0.74 2.662176e-01
42D6R8Es3sI 0 0 0.12 2.642367e-01
-pPSM_rMu2k 0 0 0.23 2.621583e-01
555HdQHE3j4 0 0 0.08 2.603403e-01
3u2VMvBRDZs 0 0 0.08 2.573447e-01
4eBu6ennrLE 1 0 0.94 2.551791e-01
5ip2qhQy6w8 0 0 0.08 2.535427e-01
4DT1hrO78lc 1 0 0.78 2.469165e-01
-mrg30x9fDQ 0 0 0.15 2.365892e-01
1C1uEugmodk 0 0 0.05 2.365238e-01
1ptvHLoDv10 0 0 0.14 2.227672e-01
4ZB44ewdXz0 0 0 0.16 2.212651e-01
4-xQGlipgCs 0 0 0.12 2.187028e-01
3ogSC8TdIxQ 0 0 0.24 2.185322e-01
5EmzbJXWhEo 0 0 0.2 2.162304e-01
3wpEAM9W7y4 1 0 0.61 2.139863e-01
-WJwnl2T_4Q 1 0 0.69 2.104339e-01
-qS8FbH1TT8 1 0 0.87 2.099626e-01
19IeCfVdkDM 0 0 0.12 2.080942e-01
11d_QiocQqg 0 0 0.6 2.068408e-01
0I0T-JENkhg 0 0 0.09 2.016489e-01
5asyMt9Upfk 0 0 0.13 2.008383e-01
0R2vlCPga04 0 0 0.18 2.006861e-01
-lCErNwhLbg 0 0 0.12 1.990793e-01
1Oc7QOnOU6k 0 0 0.24 1.987842e-01
4vJr4ftm8Ro 0 0 0.12 1.976747e-01
-IByByzFDyQ 0 0 0.09 1.943729e-01
-uuDiQU1wOM 0 0 0.17 1.892717e-01
-kdahZGrC7k 0 0 0.16 1.783672e-01
50xs45jTxPc 0 0 0.18 1.752566e-01
1GR63Uu55dM 1 0 0.85 1.746379e-01
-Vif0do57AQ 0 0 0.17 1.717034e-01
3wCt5_px63Y 0 0 0.07 1.669666e-01
3qxfZZb9Jz4 1 0 0.87 1.602483e-01
5b-nhaF7Ga0 0 0 0.1 1.597390e-01
0RbuY3CskEU 1 0 0.97 1.585449e-01
53b5VJjIWOU 1 0 0.95 1.556821e-01
1UOyF1IFalA 0 0 0.09 1.418634e-01
4ZeYfPAAHl0 0 0 0.81 1.416008e-01
1KTGEaqBm2c 0 0 0.14 1.415735e-01
01hi-bIJI0Y 0 0 0.2 1.403139e-01
1tlPk2-OX0A 1 0 0.78 1.373212e-01
4TT61PQ0eB8 0 0 0.2 1.368600e-01
4e_-W453Kys 0 0 0.07 1.333209e-01
-l51YfJQUyk 0 0 0.25 1.327397e-01
-l6eSOvKgEw 0 0 0.31 1.321893e-01
-sIuewUzPoE 0 0 0.05 1.307078e-01
41NKQFiPWS4 1 0 0.89 1.301152e-01
0LkBOWLX83w 1 0 0.75 1.236632e-01
3nQzbKPkmJk 0 0 0.15 1.213500e-01
5DT3BGNdlYM 0 0 0.29 1.207745e-01
16mW_ij3jSY 0 0 0.13 1.188530e-01
1rTBJJZWgk4 0 0 0.21 1.175728e-01
5FY1SJSxbOg 0 0 0.34 1.166575e-01
3sNm7F1Rb3U 0 0 0.15 1.157076e-01
0YByiOReG8E 0 0 0.17 1.153209e-01
-_NlReHSyZ4 0 0 0.32 1.137479e-01
15YWLcStacI 1 0 0.61 1.122484e-01
41_9GHoDy3Q 0 0 0.06 1.100306e-01
16gPtbkbvAQ 0 0 0.09 1.100204e-01
0j4Yj6AWHi0 0 0 0.16 1.094584e-01
5VRr4q5Ay-E 0 0 0.17 1.052030e-01
3mZ8HfxY8KY 0 0 0.16 1.033053e-01
48grDvwpfOM 0 0 0.37 1.021323e-01
0SgEB3BCvGA 0 0 0.18 1.019901e-01
-TSK5P5OZOM 0 0 0.1 1.019777e-01
3pOGUKrMseg 0 0 0.15 1.014542e-01
0QGtPTzwZi8 0 0 0.1 1.011469e-01
15MSK5Nv16k 0 0 0.17 1.008252e-01
3y1PnXLbibw 0 0 0.25 1.004317e-01
1qTRhb3Wd8c 0 0 0.01 9.755015e-02
0276tzdXxgk 0 0 0.07 9.525598e-02
5hXiJJwXc3o 0 0 0.04 9.309440e-02
4A8793H627I 0 0 0.16 9.275298e-02
1QLKbPg0DOw 0 0 0.17 9.029138e-02
1heI9Qj9dl0 0 0 0.19 8.925723e-02
1tPQkymCaig 0 0 0.18 8.909523e-02
0rIuhd4sCRg 0 0 0.14 8.636374e-02
1X6333AjlMs 0 0 0.1 8.431949e-02
5PBhEQQcUeg 1 0 0.63 8.312139e-02
0S_yZerJKr8 0 0 0.08 8.235377e-02
1WF8FMitboA 0 0 0.19 7.824621e-02
55AHzTR_i2k 1 0 0.8 7.727624e-02
-tqFKio99ho 0 0 0.13 7.571811e-02
4sZ9c-H54mU 0 0 0.11 7.558424e-02
4T2Ka5cH7CE 0 0 0.19 7.464473e-02
01Tn0Fvc1bA 0 0 0.08 7.424755e-02
4E050kdAj3o 0 0 0.18 7.238436e-02
4CHZeVizxcs 1 0 0.94 7.163963e-02
0XEyBKELKI0 0 0 0.12 7.069570e-02
0lUicrX8hu4 0 0 0.08 7.005971e-02
1BG0ut3-Dps 0 0 0.02 6.971093e-02
4pL08UrfewI 1 0 0.78 6.906322e-02
-k9a8MS8g0g 0 0 0.23 6.830325e-02
1DMqa2jDpqA 0 0 0.11 6.824225e-02
1c7ddH8_OY4 0 0 0.17 6.524818e-02
-KBYMG0ogFA 0 0 0.14 6.354664e-02
1rc0YmHCO0g 0 0 0.14 6.318236e-02
47T1YHJ16a8 0 0 0.33 6.290815e-02
-PPxVQvJHqw 0 0 0.13 6.128043e-02
0vd5DX-LPmc 0 0 0.16 6.102895e-02
-vmZoo8j-AM 0 0 0.18 6.070879e-02
-Ms77NxhSFE 0 0 0.09 6.064501e-02
3n5FA0jseMw 0 0 0.26 6.054514e-02
-xFijZ1ubPg 0 0 0.17 6.016922e-02
1rc0JB7AHi0 0 0 0.15 5.997297e-02
-YwWgR1m8_Y 0 0 0.05 5.812765e-02
4AdZhiQ2OrE 0 0 0.09 5.803393e-02
-l1eGa3VCcw 0 0 0.12 5.755205e-02
1sEURubw07c 0 0 0.04 5.500245e-02
40MwwJyIpy4 0 0 0.05 5.436812e-02
0uTBxpgJJuI 1 0 0.8 5.427329e-02
0YytkZJx-VE 0 0 0.12 5.379256e-02
-Lfhpm1GDmA 0 0 0.12 5.277941e-02
5hONeYrHLg8 0 0 0.12 4.980752e-02
4qsADJ0pmxM 0 0 0.69 4.978517e-02
04NGq2WY4ME 0 0 0.11 4.789094e-02
1GwFBPb8SX8 0 0 0.12 4.778796e-02
42rzULyT67A 0 0 0.08 4.728670e-02
-U4i44fVZJE 0 0 0.03 4.642837e-02
4tvR8ku1SI0 0 0 0.06 4.550985e-02
4zZgZp0HuB0 0 0 0.15 4.505607e-02
552JFboN8QU 0 0 0.07 4.388989e-02
4sMbu2Pr6xA 0 0 0.14 4.375061e-02
-RLHh9xmWOk 0 0 0.02 4.220999e-02
4yR7RnhQ3zI 0 0 0.28 4.069468e-02
4ZhVYKwS_hA 0 0 0.12 3.987703e-02
4z5aBO_ql5o 0 0 0.14 3.900224e-02
5jWlH_ZewlA 0 0 0.11 3.893532e-02
0F5dZUj7SKE 0 0 0.07 3.848459e-02
4Hy36KsEpeI 0 0 0.1 3.825770e-02
5acGSsTALyE 0 0 0.1 3.824708e-02
4FUhj80606E 0 0 0.1 3.776504e-02
1fkOYUKtQyI 0 0 0.07 3.773779e-02
1T1Mtw5pn4Q 0 0 0.24 3.691623e-02
4Zbmyk4raZY 0 0 0.13 3.658997e-02
4zTezvXow6w 0 0 0.04 3.602368e-02
52JVAhy3FWE 0 0 0.07 3.589677e-02
51b2PbXOc4s 0 0 0.18 3.575574e-02
1_bgKeogKe4 0 0 0.11 3.468161e-02
4NlUzXHDVOE 0 0 0.26 3.456104e-02
16PCLyl_H48 0 0 0.06 3.394646e-02
13v1xtWtueo 0 0 0.03 3.347958e-02
1MNWQB9jrRs 0 0 0.2 3.322565e-02
-yXCNmqGQ0M 0 0 0.41 3.277900e-02
5Z94lx53hx8 0 0 0.09 3.262096e-02
0EwtL2yr0y8 0 0 0.16 3.250129e-02
0kIDeKrPBUU 0 0 0.19 3.219118e-02
0GYhYV0lIgM 0 0 0.16 3.215679e-02
0BeFeDU7RK0 0 0 0.07 3.211983e-02
4aTkHVdoqkw 0 0 0.24 3.188068e-02
-ltzj95e68M 0 0 0.02 3.186559e-02
4CgaTAi4nqI 0 0 0.03 3.168335e-02
5VVQqhCFW-4 0 0 0.05 3.164317e-02
3wwdOUMQ-cQ 0 0 0.08 3.087793e-02
0RAHikS9fvQ 0 0 0.23 3.029963e-02
-YeuVmchu-M 0 0 0.08 3.029368e-02
4Wk8kYxvD8Q 0 0 0.12 3.006525e-02
1vCnPYalC5k 0 0 0.27 2.994584e-02
5KJvO3BkcXE 0 0 0.07 2.913513e-02
03OSTDJYfRc 0 0 0.13 2.904672e-02
1EdbDSHHXKM 0 0 0.16 2.896024e-02
08e5rB2zFPQ 0 0 0.12 2.840569e-02
4vcgZXnfMGk 0 0 0.16 2.837649e-02
43U4OIyFaYM 0 0 0.11 2.822792e-02
5jvIRPG0pXI 0 0 0.13 2.819438e-02
3tvkEyPXZmg 0 0 0.03 2.798011e-02
-0n50a7seNI 0 0 0.09 2.732007e-02
-mX0pMDmZhQ 0 0 0.24 2.690610e-02
47P0Fy-DYnI 0 0 0.06 2.665335e-02
-gruAlxQu2M 0 0 0.31 2.623916e-02
1UMaCbZx3Ag 0 0 0.09 2.594611e-02
5kDUMLnSyp4 1 0 0.66 2.514101e-02
5FvSv-IE6Tc 0 0 0.1 2.468645e-02
1VDIYqIDuhI 0 0 0.06 2.447332e-02
0o6J-2USwwE 0 0 0.13 2.437179e-02
-yjHK_imtKw 0 0 0.24 2.412525e-02
0FVTdhNmjM0 0 0 0.1 2.410153e-02
1dtLkVmSqtc 0 0 0.12 2.392006e-02
-R50rxfghjg 0 0 0.07 2.380524e-02
5HOIjy-lMYQ 0 0 0.15 2.364272e-02
-MUM3XyqEFg 0 0 0.1 2.292956e-02
1Yje_lnKDHc 0 0 0.61 2.274873e-02
0yT5fffr4kg 0 0 0.06 2.233715e-02
4ynyIk76f44 0 0 0.11 2.216290e-02
4FsWN72u7PY 0 0 0.08 2.159802e-02
4gY3faaPj_k 0 0 0.07 2.146431e-02
5YTQCkuJIbc 0 0 0.23 2.127396e-02
4qqST8BqJ9s 0 0 0.12 2.115841e-02
5eRUm-6549I 0 0 0.07 2.083811e-02
-K4hB7LCz_M 0 0 0.76 2.064522e-02
-MNcDq1dw7M 0 0 0.25 2.010101e-02
4f99RLGDTEs 0 0 0.12 1.968934e-02
1bgJ0OwlKV8 0 0 0.15 1.945044e-02
1eDITCytUf8 0 0 0.07 1.907321e-02
0RosoZRG_RM 0 0 0.07 1.888084e-02
-SNs9Wkk9Us 0 0 0.09 1.807206e-02
5BUSnX3g-EM 0 0 0.06 1.766952e-02
4U97-jCnWUc 0 0 0.03 1.743334e-02
53a_8hJh-tA 0 0 0.17 1.712784e-02
1KBCFLAUIT0 0 0 0.17 1.700940e-02
1Eb0pg65f3s 0 0 0.26 1.686027e-02
1c8axb3BuYQ 0 0 0.13 1.649563e-02
4uXBcDPQk8w 0 0 0.22 1.624059e-02
4huGwAxwOl8 0 0 0.06 1.584664e-02
1nOEO3qlea0 0 0 0.19 1.567261e-02
49wCa7kPUfA 0 0 0.08 1.557600e-02
4rW4rp54xyA 1 0 0.25 1.537345e-02
0oLlm3K6B6s 0 0 0.13 1.459774e-02
0QLovZrWLvY 0 0 0.14 1.448148e-02
43YMjaK5G80 0 0 0.43 1.446830e-02
0QweaoZDeQ4 0 0 0.24 1.429449e-02
0KR4T_B02FM 0 0 0.09 1.429019e-02
4bqYemOSlvY 0 0 0.13 1.404914e-02
02mpJUpG0TI 0 0 0.07 1.351088e-02
1mjoo_XQVZI 0 0 0.2 1.319860e-02
0CXPF1jl_Lw 0 0 0.16 1.258741e-02
11dArtopIbw 0 0 0.06 1.256829e-02
3pqyXX9KdHY 0 0 0.32 1.202819e-02
4AJPMarIzqc 0 0 0.06 1.198881e-02
-MC21SfN7JQ 0 0 0.04 1.168879e-02
1kK2_lpHaEE 0 0 0.09 1.130509e-02
-JNXp8A55s8 0 0 0.04 1.091925e-02
-Kmr0E3lNoA 0 0 0.26 1.086350e-02
51-EIHS-KpE 0 0 0.08 1.072745e-02
4tmV8OLquf0 0 0 0.1 1.059837e-02
4V0VOawQ5dg 0 0 0.02 1.023180e-02
5cQR_hNLZs4 0 0 0.11 9.923043e-03
3lsFCcZM46k 0 0 0.12 9.545837e-03
5OsPG3rjb1U 0 0 0.04 9.218735e-03
3r4CvYo6tWM 0 0 0.14 8.906645e-03
1fzHD46wRwo 0 0 0.22 8.560728e-03
43ktQ_KevUI 0 0 0.12 8.097574e-03
1LaJwL9hbIk 0 0 0.11 8.046275e-03
3mW29k5qTZM 0 0 0.17 8.010070e-03
-XchxlnNlDg 0 0 0.07 7.808163e-03
-mxGH7o1thM 0 0 0.02 7.792969e-03
-jj2nXYoFYE 0 0 0.15 7.669084e-03
5KA1TLCl8Vc 0 0 0.15 7.545657e-03
4w_XPQq-4sA 0 0 0.03 7.509050e-03
5KXICXmKpZc 0 0 0.05 7.426123e-03
5SwHJnHHOk8 0 0 0.07 7.335790e-03
1TeWQFee-bM 0 0 0.07 6.892155e-03
3nv4cporQ5o 0 0 0.11 6.550639e-03
0Ec9GyJAEjY 0 0 0.12 6.398984e-03
0mTAQI7w8sc 0 0 0.03 6.036769e-03
0OrvLqmlhEY 0 0 0.04 6.024256e-03
5Cj8K3OzKfc 0 0 0.2 5.994010e-03
4-OxtLvke7E 0 0 0.11 5.412044e-03
5ji8HPmVa-4 0 0 0.07 5.321509e-03
5Jpkz0wWC58 0 0 0.15 4.933857e-03
5d52KIzJ_gE 0 0 0.06 4.712207e-03
-KMioe2JwBE 0 0 0.11 3.814105e-03
-L6-i9rkW6Q 0 0 0.12 3.803904e-03
5QFKdgZFmyw 0 0 0.16 3.192294e-03
4wOU_IjpXrI 0 0 0.11 1.983931e-03
4qqwA9HdASg 0 0 0.19 1.887393e-03
-qoBKqFZXME 0 0 0.08 1.720977e-03
00b6k17zCTw 0 0 0.07 6.534625e-04
